49 7
49 6
49 13
49 2
49 21
49 18
49 14
48 6
49 1
49 4
48 14
49 9
48 2
48 18
47 6
49 20
49 8
48 21
47 21
46 6
48 15
49 23
46 21
47 15
49 0
48 0
47 18
45 21
47 14
46 14
46 5
48 23
46 18
49 12
47 16
45 14
46 16
48 24
49 11
45 13
46 17
45 22
46 7
45 23
46 19
45 15
44 23
48 9
45 18
46 4
47 2
46 3
48 11
45 19
46 8
45 12
45 8
44 15
43 23
43 24
46 2
45 3
45 7
44 14
44 19
43 19
42 19
45 2
44 3
42 18
41 18
43 15
44 8
42 15
42 16
44 7
44 12
44 2
44 4
44 5
42 24
43 3
44 21
48 10
41 15
42 3
43 8
40 15
41 24
44 13
43 9
44 1
40 24
44 11
42 4
43 7
43 13
40 14
42 7
43 11
40 0
39 14
41 4
41 3
42 20
39 24
38 14
39 23
40 3
40 18
38 13
39 22
41 7
41 6
39 18
37 13
38 22
39 0
41 8
40 16
38 0
37 12
40 6
36 12
41 9
40 4
37 0
37 14
40 5
39 5
37 22
40 2
40 9
36 0
37 21
38 18
35 0
40 7
35 24
40 10
35 1
39 7
39 6
37 20
35 23
35 22
36 14
36 11
36 20
34 22
