0.13999999999999999
0.19595917942265426
0.23748684174075835
0.2712931993250107
0.3
0.3249615361854384
0.3469870314579494
0.36660605559646714
0.38418745424597095
0.4
0.41424630354415964
0.4270831300812525
0.4386342439892262
0.448998886412873
0.458257569495584
0.5075431016179808
0.5141984052872977
0.5571355310873648
0.596322060635023
0.632455532033676
0.6352952069707437
0.6374950980203692
0.6696267617113282
0.699714227381436
0.7280109889280518
0.7807688518377254
0.7799999999999999
0.8022468448052631
0.848528137423857
0.8692525524840291
0.9112628599915614
0.9079647570252933
0.9682974749528164
1.0440306508910548
1.04
1.0547037498748169
1.087382177525455
1.0824047302187845
1.077032961426901
1.0712609392673664
1.0836973747315253
1.0772186407596185
1.088852607105296
1.1180339887498947
1.1106754701531856
1.1128342194594845
1.1043550153822819
1.131370849898476
1.14
1.1306635220082057
1.1208925015361642
1.1285388783732708
1.1357816691600546
1.1600000000000001
1.1490865937778578
1.1661903789690602
1.1881077392223316
1.213424904969401
1.2237646832622684
1.258729518204765
1.2924395537122808
1.3098091464026353
1.2975361266646877
1.3746272221951668
1.4312232530251876
1.444437606821423
1.4709180806557514
1.4966629547095767
1.5217095649301806
1.5394804318340651
1.5236797563792728
1.5304901175767194
1.5529327094243328
1.5874507866387546
1.6169106345126192
1.6031219541881396
1.6104657711357915
1.61245154965971
1.5926079241294764
1.585433694608513
1.6155494421403511
1.6079800993793425
1.624930767755968
1.6656530250925612
1.6933989488599548
1.7726815844928272
1.746424919657298
1.8067650649710936
1.797331355092878
1.8427153876819935
1.8128430709799457
1.8138357147217055
1.802664694279
1.8461852561430558
1.88849146145806
1.898315042346765
1.9078784028338915
1.9275891678467174
1.977473135089324
1.9860513588525348
1.972308292331602
1.96
1.9678414570284872
1.9652989594461194
1.9625493624365224
1.979898987322333
2.006888138387389
2.0431348462595413
2.0494877408757532
2.0083824337013105
2.0040958060931118
2.078460969082653
2.033814150801395
2.0380382724571193
2.042057785666214
2.065332902948094
2.078557191900189
2.0326337594362642
2.04
2.0518284528683193
2.0536796244789497
2.0895932618574364
2.1091230405075945
2.1282856951076847
2.137755832643195
2.1280037593951757
2.136913662270893
2.1343851573696817
2.1611108254784157
2.1964516839666652
2.2310535627814945
2.2649503305812253
2.3096320053203283
2.3120553626589477
2.3481056194302674
2.3358938332038983
2.370569551816609
2.3748684174075834
2.3873835050112917
2.4113066996962456
2.4387701818744625
2.4738633753705965
2.46
2.515949125081825
2.5174590364095297
2.5593749236874226
2.60161488310626
2.563201123595259
2.55530820058951
2.4948747463550154
2.4864432428672085
2.4278385448789632
2.4577225229874915
2.4709512338368804
2.4919871588754225
2.4654411369975966
2.469088900789115
2.4848339984795764
2.5114935795259363
2.5377155080899034
2.4284974778656863
2.4133793734098252
2.4063249988312054
2.4074052421642684
2.3337523433303713
2.3597457490161946
2.3852882425400916
2.43441984875247
2.4664954895559816
2.4819347291981715
2.5130857526156962
2.381680079271773
2.404662138430262
2.4272618317767036
2.408318915758459
2.4469572942738496
2.468683859873516
2.4383601046605072
2.4269322199023193
2.415284662312084
2.4364728605096344
2.5019192632856884
2.35660773146487
2.3515952032609695
2.371834732859775
2.385707442248525
2.387969849055888
2.349808502835922
2.3515952032609695
2.381260170581955
2.4156986567036873
2.4331050121192876
2.41735392526622
2.417933001553186
2.4266025632558788
2.483948469674844
2.4838679514016038
2.475560542584245
2.5305335405799307
2.552567335057001
2.5749563103089725
2.5490390346167713
2.520396794157618
2.542125095269704
2.5298221281347035
2.5666320343983866
2.556247249387273
2.6049184248263897
2.6019223662515376
2.6217551373078303
2.6412875648062255
2.637877935007608
2.6645074591751476
2.6683328128252666
2.6829834140374405
2.726462910072315
2.7640549922170505
2.7516540480227527
2.782516846310189
2.798642528083928
2.800285699709942
2.867821472825671
2.868867372326577
2.8767342595380616
2.8844410203711917
2.8442222135409887
2.8440112517358296
2.85769137591868
2.8781243892507495
2.870818698559698
2.9021371435547287
2.9071635660898067
2.932575659723036
2.9350298124550624
2.9462518561725166
2.9775157430314283
3.059150208799823
3.042959086152819
3.0160238725845656
3.051819129633996
3.0610455730027932
3.083115307606902
3.098451226015991
3.1071530377501526
3.020198668962027
2.947269923166183
2.9408162132306064
2.947812748462833
2.947609200691299
2.926841300788275
3.0059274775017446
3.018343916786157
3.0437476899375215
3.0228463407854522
3.0413812651491097
3.026813505982818
2.870540018881465
2.854400112107621
2.8800000000000003
2.9189724219320743
2.93011945148999
2.9410882339705484
2.9154073471815223
2.932575659723036
2.9562814480356905
2.9863690327888146
2.93148426569204
3.0000666659259423
2.957634189686074
2.973213749463701
3.0152280179117463
3.023640190234281
3.0120424963801558
3.1480787791921596
3.1297923253787943
3.244749605131342
3.226391172812125
3.168595903550972
3.202748819373758
3.2985451338431004
3.3084135170803544
3.2459821318054107
3.307506613750001
3.3166247903554
3.115702168051369
3.100258053775524
3.1212817879839045
3.0883005035132185
3.1023217112349903
3.1058654188486656
3.1190383133267217
2.9877081517444104
2.9939271868233535
3.0708956348270773
3.069918565695188
3.087069808086626
3.124355933628561
3.1100482311372604
3.127682848371938
3.1259558538149577
3.143246729100342
3.1
3.1302396074422165
3.1527131173007166
3.1304951684997055
3.128194367362744
3.1623409050891396
3.2022492095400694
3.2353670580013016
3.22490309931942
3.195559418943732
3.139681512510465
3.109726676092289
3.181194744117373
3.1628468189275307
3.1822004965118085
3.1190383133267217
3.1251239975399376
3.1310701046127987
3.1368774282716245
3.1489045714343264
3.1417192745374307
3.1407642382070002
3.1523959142214353
3.1511902513177463
3.1420375554725632
3.1468079064347094
3.151444113418482
3.166638596366816
3.1518883228947057
3.042959086152819
3.0528675044947495
3.0626132632116643
3.0656810010175555
3.0751260136781386
3.0831153076069016
3.091989650694193
3.1199999999999997
3.1349003173944783
3.149603149604724
3.1387258561397173
3.134070835191827
3.1483964172257597
3.156200247132618
3.1182687504447077
3.1315172041679737
3.138216053747734
3.17011040817193
3.189043743820395
3.157277308061489
3.169605653705205
3.207802986469088
3.2251511592481985
3.2361087744388324
3.2530600978155935
3.2759120867324873
3.1738935079803796
3.208800398902992
3.224655020308374
3.2341304859266264
3.212475680841802
3.2370356809896306
3.2336357246913265
3.2226697007295058
3.231160782133876
2.8944084024200873
2.9024816967553817
2.946183972531247
2.960337818560578
2.981006541421874
3.001399673485689
3.0148963497938035
3.054504869860253
3.074020169094536
3.0932830455682523
3.0305775027212225
3.0120424963801558
3.023640190234281
3.0528675044947495
3.0812984276113213
3.1089548082916867
3.13949040450835
3.1653751752359467
3.1638584039112754
3.1663227883461285
3.2619012860600183
3.269801217199602
3.2050585018061684
3.1814462120237077
3.170173496829472
3.1964980838411274
3.200562450570212
3.2201863300125972
3.232089107682522
3.268577672321709
3.3571416413371655
3.3215056826686293
3.3139704283532767
3.3304053807307006
3.334666400106613
3.2326459750489227
3.2486304806795125
3.2582817557725114
3.2860919037665393
3.3014542250347807
3.263433774416144
3.237344590864556
3.2084887408248766
3.214280634916621
3.126915412990892
3.0659419433511785
3.0795454209996644
2.988310559496787
2.973819093354537
2.9933259094191533
3.0059274775017446
3.018343916786157
3.0305775027212225
3.0228463407854522
3.077726433586975
3.0825963083089554
3.093800252117127
3.104834939252005
3.156010139400696
3.1914886808509912
3.207802986469088
3.2301083573155873
3.2336357246913265
3.249369169546606
3.2025614748198046
3.2239106687375814
3.195997496870109
3.2390739417308767
3.248445782216474
3.2498615355119362
3.263433774416144
3.248137928105886
3.2550883244544995
3.2933873139975502
3.305813061865417
3.312038647117512
3.3361654635224554
3.3480740732546526
3.353863443850987
3.3595237757753704
3.3763886032268267
3.384907679686404
3.407345007480165
3.41197889794178
3.445634919720892
3.4845946679635498
3.487119154832539
3.502513383272075
3.4661794529423893
3.45838112416778
3.574409042065555
3.560674093482862
3.602721193764513
3.6221540552549665
3.630371881777403
3.629049462324811
3.653163013061421
3.655188093655373
3.6969717337301895
3.714835124201342
3.727143678475516
3.7064268507553204
3.728860415730254
3.424675167077894
3.430218651922935
3.4414531814336806
3.4467375879228173
3.4857423886454946
3.5134598332697644
3.5429366350529046
3.5528017113258654
3.568136768679138
3.592714850917061
3.6378015338937884
3.662840427864692
3.6930204440268133
3.56
3.556683848755748
3.5759753914142087
3.5999999999999996
3.618231612265859
3.65956281541935
3.677172827050695
3.7088542705261416
3.7264460280540757
3.7589360196736523
3.742779715665885
3.7264460280540765
3.7570733290687848
3.678314831549904
3.6662787673607147
3.6867872192465896
3.6698228840095273
3.6734724716540343
3.5097578264034115
3.5127766794944417
3.4523035787717165
3.45160832076874
3.450449246112744
3.25459674921487
3.2399999999999998
3.2717579372563614
3.260429419570373
3.2489382881181355
3.243454948045371
3.237838785362854
3.2628821615252974
3.2509075655884163
3.257238093845766
3.27566787083184
3.197561570947462
3.1902351010544665
3.2078029864690882
3.243701589234127
3.2361087744388324
3.234563339927045
3.257545087945829
3.255764119219941
2.7249954128401757
2.7954248335449834
2.792848008753788
2.8411969308726204
2.8498421008891004
2.9589863129119065
2.8582512135919753
2.8583211855912904
2.8431672479824326
2.816025568065745
2.821630734167744
2.8482275190019495
2.867472754883645
2.842534080710379
2.8683793333518497
2.900758521490543
2.898344354972335
2.9095704150269333
2.9274562336608896
2.924653825668946
2.9254743205162477
2.9217118269945788
2.93148426569204
2.9546573405388314
3.0284649576972162
3.0302475146429875
3.03189709587908
3.026813505982818
3.0708956348270773
3.1118483253526352
3.1315172041679733
3.1636055379898425
3.1764130713746916
3.111848325352635
3.1368774282716245
3.167901513620649
3.1670806746908107
3.2038102315836374
3.2276307099790706
3.282011578285488
3.308715762950937
3.3187949620306463
3.308413517080355
3.312099032335839
3.339700585381869
3.343112322372672
3.236294176987006
3.2824381182285833
3.296604313532335
3.2984845004941286
3.3361654635224554
3.325296979218548
3.3323265146140773
3.3571416413371655
3.375736956577038
3.3823069050575527
3.0016662039607267
2.9869047524151155
3.0120424963801558
3.0236401902342815
3.0547667668743554
3.065941943351178
3.0984512260159915
3.115381196579321
3.1
3.1166648841349627
3.0648980407184836
3.0805843601498726
2.9802013354805412
2.9949958263743874
3.0162228034414165
3.010714200982883
3.053457057173066
3.0604574821421715
2.9947287022366487
2.981006541421874
2.973213749463701
2.8692159207699937
2.8753434577455264
2.8272955275315663
2.8454173683310504
2.8422526277584823
2.870540018881465
2.873951982897418
2.870261312145638
2.887282459337846
2.897171033957091
2.9232858224949543
2.9304607146317454
2.95296461204668
2.9769783338143396
2.9987330658129614
3.0002666548158685
2.981610303175115
2.9828845100003454
2.919520508576708
2.933666647729425
2.947609200691299
2.9670861126701396
2.9933259094191533
2.972473717293393
2.867472754883645
2.8933717355362414
2.881943788487208
2.8930952282978866
2.9109448637856405
2.9079889958526324
2.9186298155127517
2.9016547003391016
2.90516780926679
2.9222593998480013
2.9459124223235147
2.955740178026479
2.985565273109935
3.01091348264941
3.039802625171575
3.0486718419665966
3.0311054089226257
3.0463092423455636
3.061306910455076
3.026813505982818
3.0413812651491097
3.062286727267713
3.0894012364858017
3.0903721458749915
3.1233955881380124
3.086486675817668
3.093283045568252
3.1128122333349952
3.1887928750547596
3.213471642943189
3.231655922278855
3.211790777743781
3.2410492128321655
3.1721286228650944
3.0254916955761093
3.0394736386420593
3.0429590861528193
3.091666217430336
3.1139043016765946
3.1230754073509015
3.144837038703278
3.147316317118443
3.1560101394006956
3.183457240171446
3.1855297832542706
3.246906219772909
3.2729802932495637
3.314272167459999
3.3212046007435316
3.376921675135507
3.371705799739948
3.365947117825828
3.366006535941367
3.3598214238259745
3.3832528726064797
3.2152138342573733
3.2202484376209237
3.260736113211249
3.2653330611133686
3.2698012171996025
3.2680269276736387
3.2905318719015626
3.2824381182285824
3.2924762717444143
3.296300957133617
3.3000000000000003
3.2914434523473135
3.340658617698013
3.343590884064616
3.346401051876478
3.391990566024617
3.4000588230205664
3.384434960226005
3.3863845026812887
3.4058772731852804
3.4134440086223767
3.4208770805160484
3.4281773583057222
3.423682228244905
3.4084600628436292
3.4153184331772053
3.439534852272906
3.446099244072927
3.4698703145794942
3.4761472926215307
3.5051961428713234
3.5445168923282053
3.5496478698597698
3.560280887795231
3.553083168179433
3.563369192211214
3.5958309192730407
3.598944289649397
3.619723746365184
3.6457646660200105
3.655133376499413
3.6022770576400696
3.605329388558
3.624858617932567
3.6244171945293497
3.6378015338937884
3.6345563690772495
3.6640960686095556
3.7346485778450424
3.7469987990390394
3.748546384933765
3.6880347069950417
3.6945906403822333
3.6793477682872
3.7127348410571956
3.7296648643008132
3.719623636875107
3.7416573867739413
3.7587763966482495
3.7801587268261634
3.8429676032982636
3.837499185667666
3.8734480763268273
3.8672470828743277
3.932480133452679
3.905124837953327
3.93466644075454
3.94872131201988
3.962625392337762
3.961262425035736
4.044799129746742
4.042969205917849
4.060788100849391
4.063692901782811
4.086122856694351
4.088814008976198
4.106044325138247
4.098585121721885
4.115385765636073
4.1368587116313265
4.128001937984041
4.124851512478965
3.9220402853616894
3.9284093473058537
3.8886501514021545
3.894868418830089
3.9009742372899616
3.8864379578220465
3.9077359173823405
3.918622206847708
3.939543120718442
3.9400000000000004
3.9606060142357005
3.965904688718578
3.9403553139279204
3.9551991100322623
3.9547439866570375
3.952771179818027
3.9620196869778423
3.905329691588151
3.9140771581561853
3.655133376499413
3.6632772212869726
3.676737684415357
3.673744683561992
3.7648904366528386
3.787822593522564
3.760638243702789
3.761967570301477
3.784388986349051
3.8065732621348563
3.2994545003682045
3.292962192312569
3.3105890714493698
3.0761014287568607
3.0023990407672327
3.0320949853195565
3.111012696856122
3.13949040450835
3.138470965295043
3.1875382350647965
3.1897335311903405
3.2015621187164247
2.851245341951478
2.8501929759228584
2.8425340807103794
2.8697735102268958
2.8618874890533346
2.888667512885483
2.880555501982213
2.8722813232690143
2.9054431675735803
2.944893886033926
2.943195542263545
2.997932620990672
3.028927202822808
3.0594770795023125
3.096062014882777
3.1128764832546763
3.142228508558854
3.1711827446553755
3.1683434157300563
3.1653751752359467
3.1874754901018454
3.1842738575694143
3.1746495869623153
3.161265569356678
3.1953090617340916
3.181257612957492
3.20181198698487
3.1972488173428104
3.256009827994996
3.1733893552477923
3.211790777743781
3.2062439083762793
3.2068052638100744
3.238579935712565
3.238765196799546
3.2201863300125972
3.257053883496557
3.25674684309358
3.2563169378916417
3.2741411087489802
3.273469107842627
3.254289476982648
3.3304053807307006
3.3286633954186478
3.3328066250534247
3.3308257234505683
3.3204818927378597
3.3241540277189325
3.3344264874187886
3.3316062192281968
3.3466401061363023
3.319096262538946
3.3035738223929547
3.312099032335839
3.3385026583784536
3.334666400106613
3.295815528818323
3.020529754860892
3.0407893711995246
3.0347322781425055
3.034798181098704
3.0912133540084223
3.10328857826661
3.134389892786154
3.1650592411517353
3.1953090617340916
3.193994364428341
3.1673964071457803
3.165817429985501
3.1641112496244506
3.181194744117373
3.263433774416144
3.2609201155502108
3.2949051579673734
3.3284230500343557
3.3043002284901415
3.257299494980466
3.2596932371006937
3.2105451250527537
3.2530600978155935
3.25459674921487
3.243701589234127
3.251153641401772
3.2726747470532414
3.2489382881181355
3.255764119219941
3.268577672321709
3.2873089298086966
3.287613115924682
3.299939393382854
3.2878564445547194
3.305813061865417
3.210981158462316
3.2286839424136886
3.2584658967066082
3.2729802932495637
3.283656498478487
3.282011578285488
3.3166247903553994
3.308715762950937
3.306720429670461
3.3719430600174727
3.3754407119663647
3.4467375879228173
3.489469873777391
3.303392195910137
3.328002403845286
3.3466401061363023
3.3709939187129963
3.3595237757753695
3.4014114717275823
3.4132096331752027
3.4005293705539437
3.394112549695428
3.4052312696790508
3.4220461715178536
3.438662530694165
3.4666410255461986
3.4942810419312296
3.493078871139328
3.508902962465619
3.5188634528779312
3.54
3.5196022502549917
3.529079200018044
3.544065462149366
3.280243893371345
3.328423050034355
3.3516563069622753
3.3719430600174736
3.4037626239207692
3.4235069738500608
3.4197075898386395
3.326319287140066
3.3212046007435316
3.3459826658247946
3.3763886032268267
3.407345007480164
3.4072863102474966
3.442150490609032
3.4592484732958977
3.3082321563034234
3.3018782533582303
3.2941766801433108
3.2792682110495326
3.3009695545399986
3.3224087647368137
3.343590884064616
3.358571124749333
3.361487765856065
3.370222544580699
3.3847304176256046
3.444648022657758
3.532704346531139
3.5343457668994414
3.52454252350571
3.4444738350000565
3.358571124749333
3.4421504906090323
3.4684867017187773
3.4906159914834514
3.5067934070885896
3.5057096285916205
3.4974848105460015
3.5131752020074374
3.5343457668994414
3.515679166249389
3.536608544919836
3.562920150662936
3.560954928105662
3.5756957364966055
3.579106033634656
3.6133640835099916
3.6439538965250375
3.663277221286972
3.676084873884171
3.6999999999999997
3.6912870384189844
3.673091341091316
3.6113155497685328
3.6345563690772495
3.6865159703980668
3.6226509630379797
3.6230373997517606
3.6619120688514624
3.661966684720111
3.66736962958467
3.610484731999292
3.6428560224087914
3.566510900025402
3.5479007877898727
3.562920150662936
3.588927416373867
3.5979994441355885
3.6432952117554236
3.6299311288232454
3.560674093482862
3.374551822094306
