1 0.09949874371066199 0.09949874371066199 
2 1.076057619275102 1.130442391278742 
3 1.745021489839022 2.0990235825259322 
4 2.3345235059857505 2.5918912014203066 
5 2.7857494503275055 2.997265420345686 
6 3.0451765137673057 2.9196575141615497 
7 3.1663227883461285 3.405877273185281 
8 3.4713109915419564 3.324515002222129 
9 3.5843409436045564 3.4167089428278783 
10 3.366466990778314 3.4420197558991434 
11 2.9779858965414867 3.36361412769063 
12 3.1346291646700406 3.017217260987349 
13 3.0544885005512787 3.2291794623402397 
14 2.9668838871786 3.2530600978155935 
15 2.5994422478678 3.439127796404198 
16 2.988310559496787 3.673839952964744 
17 3.0706839628981686 3.7854458125827137 
18 3.5397175028524526 3.935111180132018 
19 3.2007967758044242 3.950936597820826 
20 3.2027956537999733 4.039801975344831 
