0 0.14000000000000015
1 1.1410922014500857
2 1.7365904241895311
3 2.1571410866396565
4 2.4311596406648754
5 2.6510939770515143
6 2.8024366218303607
7 2.9013189814994416
8 2.9924631482091173
9 3.0484271941290326
10 3.097166322366419
11 3.1483365235471665
12 3.266501747065633
13 3.3312690644133967
14 3.4155558331138076
15 3.444395520588391
16 3.521265141117825
17 3.533847529809273
18 3.5273548662976144
19 3.5976558367523612
20 3.6464211597875202
21 3.6452321836378183
22 3.6860422203573933
23 3.710838806095374
24 3.7366741337307907
25 3.799980935904153
26 3.8064471795877335
27 3.757867407217962
28 3.6580233972829195
29 3.6588744218419524
30 3.732529281838079
31 3.760256583587706
32 3.7567199237270223
33 3.805507151607912
34 3.894527084876775
35 3.85659756572952
36 3.8426124527020153
37 3.900990782421914
38 3.914503092759336
39 3.875708439792192
40 3.8352811316285327
41 3.8161507136515938
42 3.870144403092738
43 3.8456313487156684
44 3.8093912549028572
45 3.870585731423209
46 3.8500118731600366
47 3.872331160436547
48 3.8823613442034905
49 3.8838889475858855
50 3.897114414460507
51 3.886001090955927
52 3.904326222213704
53 3.9345247925456177
54 3.8903643117029487
55 3.8669381912695173
56 3.8543761507245864
57 3.930469111280384
58 3.992736443448672
59 4.009476102333321
60 3.961155770782759
61 3.9821022658642953
62 3.9621339400751334
63 3.966121473255594
64 4.007966091142501
65 4.034750394613031
66 3.9866518273902187
67 3.9606146445180657
68 3.9168172421120038
69 3.944442459152179
70 3.9875738134641585
71 3.980019375328824
72 4.010081016444429
73 4.0076449447802
74 4.005056495879443
75 3.962888311304856
76 3.932404083405024
77 3.9995423931309473
78 3.9798149329663746
79 3.9842550681523177
80 3.9838986562890453
81 3.974045480910776
82 3.956998303120045
83 4.016384465788678
84 4.058658505482279
85 4.057806376883549
86 4.064057710950661
87 4.033077465624964
88 3.9650955284118345
89 4.006823066745116
90 4.022309227874941
91 4.021785104997007
92 4.055866885978584
93 4.060519038672656
94 4.015893391292103
95 4.038647242061267
96 4.002826891043988
97 3.967839395199531
98 3.874344719740381
99 3.9107159789966084
100 3.946801581064863
101 3.9327680294942713
102 3.9421104944546452
103 3.923667034341358
104 3.936823684382123
105 3.8988520571674083
106 3.958070921742958
107 3.9473757100076567
108 4.063073590732927
109 4.079735217628323
110 4.032969044235167
111 4.030253625391886
112 4.106089645195012
113 4.047284729481538
114 4.088918479469193
115 4.0584198893934245
116 4.098554244114931
117 4.136724681775957
118 4.17348589609071
119 4.196021176064575
120 4.190982498805769
121 4.266466670890849
122 4.274747888438002
123 4.256961304846443
124 4.2421573050156836
125 4.343496411893616
126 4.368603418187657
127 4.331604503485045
128 4.298395222365787
129 4.296474583003392
130 4.239737974604747
131 4.2399335412442305
132 4.279507097536217
133 4.227599551106352
134 4.252194916200475
135 4.170948703350857
136 4.219163808939776
137 4.230862911930727
138 4.194246647721518
139 4.17223304947164
140 4.204820907812369
141 4.231353484838739
142 4.232238003886113
143 4.197817507728955
144 4.1337599888681895
145 4.128778280711593
146 4.105860472821513
147 4.126382406547491
148 4.115982050471952
149 4.140048495005515
150 4.173901503564434
151 4.056988052057039
152 3.981106152259863
153 4.03201306287837
154 4.018420963884616
155 4.0748531504763665
156 4.026477287768065
157 4.007020000814332
158 4.0347500994451595
159 3.9766824715079214
160 3.9637337353486215
161 3.9362393070878285
162 3.9785604620103765
163 4.060433016179304
164 4.143998757689861
165 4.1047750981932625
166 4.055924409343077
167 4.117312446411539
168 3.9822107856696896
169 3.9919431867729687
170 3.946514995861487
171 3.905946367640277
172 3.8747504720022814
173 3.872858732835796
174 3.886468882565313
175 3.8801554047947335
176 3.8289263633740087
177 3.8669266931448503
178 3.8807541952781652
179 3.828009994032834
180 3.8134059787277512
181 3.8068129317528805
182 3.8553135644301393
183 3.8652511318471703
184 3.894680222176004
185 3.952537438375166
186 3.95759445335058
187 3.9046229690685164
188 3.849081594466211
189 3.915682850587174
190 3.9457301409649177
191 3.9194649225878857
192 3.960628475553378
193 3.930408282229392
194 3.950125575516268
195 3.912793909011139
196 3.8581587425430555
197 3.8322594070218856
198 3.8441111685154965
199 3.86815930152032
200 3.8607923445140075
201 3.8851415607998363
202 3.918330392228614
203 3.931171045226104
204 3.975705703369424
205 3.9523124721002705
206 3.9615571417925977
207 3.996755650815913
208 4.025120309120124
209 4.064790317431006
210 4.067195618749171
211 4.051308398923958
212 4.024770393922288
213 3.9577974954879442
214 3.937023146372627
215 3.9448130005752464
216 3.9506007737651743
217 3.9802209941474986
218 4.041223521903169
219 3.979661845520324
220 4.015535776950494
221 3.9700033966722423
222 4.0073342967584145
223 4.009517495521198
224 3.9897844069361614
225 3.9422022214132135
226 3.9758239465559466
227 3.984420661364425
228 3.9632143330810856
229 3.9308849300260373
230 3.948489515780936
231 3.943892026143443
232 4.031508059468743
233 3.9648697019189894
234 4.056928143544041
235 4.089182821731142
236 4.0797030009424375
237 4.018305239596547
238 3.996730313615578
239 4.061994485103105
240 4.0111473356044645
241 3.976185020638277
242 3.974567800431491
243 3.9134813081137065
244 3.9223444762233384
245 3.856784908265364
246 3.8509440988737946
247 3.9074345223679017
248 3.8514219082273886
249 3.8249996485836446
250 3.8609099721828146
251 3.8525727218461276
252 3.8903265485444094
253 3.8722458673663955
254 3.8354472867115232
255 3.8654984791782847
256 3.857386053017083
257 3.879108381965908
258 3.919113441692855
259 3.920496508808435
260 3.959607759150972
261 3.9803079757248536
262 4.0227342879732575
263 4.027659417675498
264 4.008475932560702
265 4.042645830067318
266 4.085491005975404
267 4.031171525980823
268 4.064066480630475
269 4.03094436135023
270 4.010666932556711
271 3.953664918091259
272 4.04634810430174
273 4.011952342433839
274 3.9958360627757257
275 4.044134543981844
276 4.019229417348073
277 3.992594016095079
278 3.996229765736418
279 4.012064721548789
280 4.015964095112501
281 4.029005544214481
282 3.992269842449375
283 3.957522803174947
284 3.870892513039043
285 3.887542133785536
286 3.8212038118811744
287 3.838187417691773
288 3.811402415262937
289 3.84671744422908
290 3.903751280668465
291 3.886287093695577
292 3.94993780728041
293 3.976432015406628
294 4.028063894034386
295 4.033216989816562
296 4.051465974783155
297 4.088214979490533
298 4.110067283343638
299 4.157756667060823
300 4.230136274932754
301 4.20386700385983
302 4.237237828100546
303 4.270266984507841
304 4.298909823961399
305 4.278241741512022
306 4.283924175779741
307 4.220523089240609
308 4.190177151786507
309 4.207971680003645
310 4.151916774890507
311 4.197946764149252
312 4.139641852257885
313 4.094429638214507
314 4.11278925361719
315 4.090324198913596
316 4.069174939019634
317 3.973585561906921
318 4.0057086289844035
319 4.0185820242093335
320 4.025354668896456
321 4.003219109215127
322 4.0025583523268855
323 3.932927780671335
324 3.9436031165494425
325 3.9393474260244803
326 3.9580774979531026
327 3.9813260927733993
328 3.961769424194591
329 3.9419837323228872
330 3.9178355986089457
331 3.856949975647993
332 3.8911274161715927
333 3.8832014076643016
334 3.8882362904246532
335 3.9163015603306026
336 3.896528182670345
337 3.9073341675482194
338 3.9057936004381264
339 3.8442524016596966
340 3.8791544950218464
341 3.889254547381281
342 3.8827840883720826
343 3.926805876653552
344 3.9184648041127694
345 3.878636175194716
346 3.885319376853103
347 3.9033916641748045
348 3.8666669253544175
349 3.8823993368776883
350 3.923810222830003
351 3.8940989020080936
352 3.930571604388925
353 3.902652329685001
354 3.872373067593136
355 3.8131742228531094
356 3.825138651239536
357 3.8109591350076526
358 3.8462029635245276
359 3.881548437607594
360 3.9042825185905756
361 3.866298902671785
362 3.86012318594002
363 3.8402460883632865
364 3.821597576438713
365 3.8089828329989
366 3.8027705482038723
367 3.852638627575274
368 3.8812260951908217
369 3.881995929527327
370 3.8853790787289557
371 3.8899017755738807
372 3.9091054553698648
373 3.902588681516677
374 3.9126150911196147
375 4.017880711271115
376 4.086229315523035
377 4.0584171439818535
378 4.0904913067865145
379 4.059859025447045
380 4.000509218234629
381 3.962424323414756
382 4.009506218981611
383 4.0622059388804415
384 4.049341123456396
385 4.116940113879074
386 4.142961761349206
387 4.133369741145779
388 4.12330327227158
389 4.106090708282997
390 4.093155204962801
391 4.092855134020398
392 4.034625799014018
393 3.9878860507738456
394 4.049620120432761
395 4.015258055037769
396 3.9739490058436875
397 4.068079455387904
398 4.027055479566482
399 4.001839071740009
400 4.045963324111185
401 4.037471128350075
402 4.082558912154375
403 4.051065298933278
404 4.050640055240121
405 4.070558472913125
406 4.071208809878795
407 4.15927647387954
408 4.176377833866521
409 4.193241878599563
410 4.1685189277456765
411 4.243415819224114
412 4.1667049366323825
413 4.214212864892426
414 4.197336468128096
415 4.191977574704399
416 4.202916140735579
417 4.280224144790079
418 4.263438817608235
419 4.205892842544187
420 4.14584375029083
421 4.223952837969009
422 4.216538233053911
423 4.180969561317545
424 4.172915993170783
425 4.137372722841536
426 4.149258267838022
427 4.073249726920332
428 4.044282287601609
429 4.0511866932079
430 4.097236317738662
431 4.1937468130147115
432 4.178155948676924
433 4.1383546126518596
434 4.170642999882878
435 4.127190070163317
436 4.1512470604255585
437 4.170979490884363
438 4.205440809348048
439 4.220780856922123
440 4.207895893285111
441 4.142692953352613
442 4.138052580576217
443 4.1578613586213535
444 4.1284329172189125
445 4.118416152362645
446 4.146597650983011
447 4.159978225144761
448 4.168582396165962
449 4.191478203210257
450 4.1293898030645435
451 4.149479075897624
452 4.140972744862117
453 4.04798562032305
454 4.011929913293417
455 4.099395111347606
456 4.042097453932773
457 4.035096064721885
458 3.9872127668819872
459 4.000836205103564
460 4.065481789800282
461 4.020821794272546
462 3.970560584074203
463 4.031107014206217
464 3.969092290429625
465 4.031084108021573
466 3.9952576377550457
467 4.005861736918396
468 3.993588704602102
469 4.005732453050211
470 4.064901957243507
471 4.0609944341485065
472 4.116738366180581
473 4.062772846331909
474 4.026900110055835
475 3.9525990194975735
476 3.937423724903801
477 3.958064655171761
478 3.9483040883592797
479 3.921248585097321
480 3.928005981717147
481 3.974877237306186
482 4.061694807625955
483 4.099463262968687
484 4.040145098954496
485 4.010720238354566
486 3.99416453189993
487 4.014018079603642
488 4.014267832921893
489 4.073256060146556
490 4.109972459106473
491 4.105587586186329
492 4.0406593273152
493 4.0852732834405945
494 4.058671153938606
495 4.045508855110901
496 4.095116253363854
497 4.068382516672462
498 4.075531103879676
499 4.01626391806777
500 4.067376951018855
501 4.00254679910694
502 3.962696825912517
503 3.9457285472308574
504 3.9029607265603645
505 3.914984088166309
506 3.969979619608563
507 4.005035784219677
508 4.0201641345362695
509 3.9879272069365204
510 4.012938611260248
511 3.90894761872442
512 3.9002705673824507
513 3.9485543139311825
514 4.013824913738021
515 3.9922143929198093
516 4.024618725517849
517 4.053462312916136
518 4.0535939348428665
519 3.9752515215203794
520 4.00047488945994
521 4.008267768184546
522 4.025947951880633
523 4.065853158738871
524 4.016392235244179
525 4.025781833434127
526 3.965736911837492
527 3.999250380052167
528 4.065182587588222
529 4.1067667368452945
530 4.1986664894575645
531 4.141212971756325
532 4.138794829417607
533 4.149332143537127
534 4.081066972625523
535 4.134741804319068
536 4.112557725206646
537 4.094182970480485
538 4.055431305014761
539 4.100902461600591
540 4.076504234390418
541 4.038804129581788
542 4.030057323783452
543 4.027035347640719
544 3.996875328844884
545 4.05359600142962
546 4.09484293711604
547 4.112457377415737
548 4.135191880753182
549 4.164186289400132
550 4.216649978600323
551 4.2138497882099175
552 4.269100994476145
553 4.177421888878065
554 4.212365386221435
555 4.19007085248331
556 4.178913994664174
557 4.202012699939464
558 4.179423995021565
559 4.075215140848984
560 4.04977020649332
561 4.0342637873560285
562 4.0530847920098605
563 4.032245117646302
564 3.9192907460629813
565 3.9010712458510564
566 3.91123103284544
567 3.8890498335582206
568 3.909749377243612
569 3.903376666199758
570 3.8741313453294572
571 3.8277990077602544
572 3.821051402366507
573 3.838724924109298
574 3.840189779253306
575 3.811126879458774
576 3.8077644905757824
577 3.912132522226655
578 3.979331164647693
579 3.959692957847945
580 3.9157403329520717
581 3.923519315535529
582 3.9663095112696714
583 4.036665596691254
584 4.0413673870089335
585 4.03980444120854
586 4.030962709226773
587 4.052925064220699
588 4.012403626074989
589 4.026331376659369
590 4.0484900497132115
591 4.0203693406810235
592 4.080906352551344
593 4.128810703809578
594 4.181518767993506
595 4.248035158867691
596 4.264713557933636
597 4.226041858997525
598 4.248725779534181
599 4.125009764481635
600 4.0849016884189835
601 4.0921443241741
602 4.0714158896761035
603 4.031775244685314
604 4.040087273495661
605 4.048626268708549
606 4.0809636831354785
607 4.068731311726439
608 3.9887137849602556
609 4.070641215358362
610 4.07968480687682
611 4.080275694503025
612 4.068718729056716
613 4.077641569789429
614 4.118621490347292
615 4.123727978543303
616 4.113258420681582
617 4.101086644376709
618 4.136215908381249
619 4.097969223619626
620 4.123540651422028
621 4.1699363006006145
622 4.159386317812185
623 4.10709025336735
624 4.066939180260469
625 4.045084340789831
626 4.037730493834943
627 4.014290702902775
628 3.948017849273701
629 3.9495874943593963
630 3.8890369513913585
631 3.8725385718570378
632 3.876392521229288
633 3.936222288183791
634 3.9568050278260216
635 4.031649276552505
636 4.042810652621052
637 4.052715332970003
638 4.02611018268208
639 4.005226477887712
640 4.00380457920586
641 3.9983270226772696
642 3.9226012408923925
643 3.890312092816915
644 3.9407255172850366
645 4.0306811025275735
646 4.027822909462348
647 4.03015706991507
648 4.0274843884070375
649 4.039656545762701
650 3.99373995990623
651 3.997764057261609
652 4.032925578954121
653 3.9539247183501844
654 3.8975921675615153
655 3.9139550476569265
656 3.934028038745323
657 3.9099146879581888
658 3.903492141588438
659 3.9092498705127383
660 3.9526105338789965
661 3.928269149948889
662 3.8682747583239485
663 3.8524702212526147
664 3.8776761595012874
665 3.863440566631827
666 3.89226637904531
667 3.8115427721872006
668 3.833914746111904
669 3.8430472766387838
670 3.847880593980777
671 3.8159484670824964
672 3.83289219680697
673 3.82882975981203
674 3.8597517427065267
675 3.8858538379184786
676 3.8591961430079307
677 3.910503868300106
678 3.937935597767392
679 3.975645897286014
680 3.999939710448359
681 3.9761862891850357
682 3.949533165535513
683 3.9652040821078463
684 3.9360203977188637
685 3.939713419906746
686 3.9314538242077903
687 3.894168602586272
688 3.809108116850944
689 3.8303925250380946
690 3.9129265123135664
691 3.895165370364126
692 3.9332020218151893
693 3.9896516894746883
694 4.008736696076806
695 4.004471097074357
696 4.031111209200892
697 3.9950919066365604
698 3.996605768710964
699 3.9561185993217185
700 3.898243300174853
701 3.921903537688373
702 3.92773454441963
703 4.018429143554738
704 3.964998930065877
705 4.006799575273473
706 3.952284433888388
707 3.9772221355612176
708 4.025187800378919
709 3.9828431670554347
710 3.991334133615075
711 4.032542941660455
712 4.022876617256895
713 4.05965062681187
714 4.07649822608278
715 4.109798755393671
716 4.193971675583525
717 4.126635889095805
718 4.109396207570942
719 4.0242844757320855
720 4.0191862745962315
721 3.964675524142549
722 3.991748962683031
723 4.0649441029408
724 4.069408874881114
725 4.03742417852432
726 3.9316323435422205
727 3.950047642953245
728 3.939381349039524
729 3.918158123948582
730 3.897854097062161
731 3.911094455760403
732 3.9586063514551233
733 3.962252336216942
734 4.007786233303795
735 3.9814104484117645
736 3.9953379882043545
737 4.050146104246981
738 4.066154607927299
739 4.091248998673121
740 4.124387424556356
741 4.05490065388713
742 4.035628171453989
743 4.076018941405947
744 4.078413491371491
745 4.08934713962749
746 4.092830826475634
747 4.018182766543794
748 4.035537666581692
749 3.989253809458605
750 3.9805781218298364
751 3.99820096888272
752 3.948642158285896
753 3.9384570702397093
754 4.004108422947512
755 4.021374928350251
756 3.9786960027773457
757 3.9959068844208745
758 4.060776324767095
759 4.056502881134448
760 4.0070221800906864
761 3.9577886650885885
762 3.9146199067471565
763 3.874471898695729
764 3.877210377760761
765 3.8965696075696137
766 3.9211209323940737
767 3.946423865893187
768 3.960429013620405
769 3.991274981505153
770 4.043389895038391
771 3.997515726512492
772 3.9904995139726505
773 3.9247608482725203
774 3.972211431803978
775 3.972887217254236
776 3.9651831502664807
777 3.9597819566825248
778 3.9717236921079855
779 3.9152361741832253
780 3.9399568100805187
781 3.8808988474047514
782 3.839616232053262
783 3.8936981779613666
784 3.9612040252226954
785 4.009700376854715
786 4.002153238952491
787 3.963304841949834
788 3.901556536141755
789 3.9728885994017413
790 3.9829675099122825
791 4.055963490393265
792 4.045090217403366
793 3.991646937205397
794 4.003146541847934
795 3.985413335531726
796 4.025913834351847
797 3.9866257183409433
798 3.9957530221632123
799 4.0323602609058105
800 3.998177149494432
801 3.9733892225873984
802 4.053755238848133
803 3.9523279998735448
804 4.016418964204751
805 4.022463340815367
806 3.9769341821903548
807 3.985710951151922
808 3.9673905709927237
809 3.9818597139716463
810 4.023280068268902
811 3.972808398792408
812 3.9746091309914346
813 3.9301731385914382
814 3.9625512780372047
815 3.9587273798974896
816 3.9348116853681825
817 3.9134442854799985
818 3.9227724610284356
819 3.895774303224598
820 3.8703010954960098
821 3.966832846791748
822 3.9687496171840797
823 3.971091961005213
824 3.908079628455079
825 3.9336554711232967
826 3.9716578917247136
827 3.9581670977665455
828 3.965400682243582
829 3.919884610976016
830 3.9702699440096616
831 3.994066390683256
832 3.9627989250245066
833 4.002928501964312
834 3.963804293427854
835 3.978212885736852
836 3.9752011616914094
837 4.058252923678156
838 4.071361609907467
839 4.07390580980765
840 4.089328899723779
841 4.089823801705971
842 4.077812154905275
843 4.087534339429531
844 4.076731683878794
845 4.034613371099718
846 3.99098262697005
847 3.992905380397284
848 4.034153084216664
849 4.036994507642587
850 4.0696978733776845
851 4.093987979115627
852 4.054765344078262
853 4.028674296288618
854 4.002836599753472
855 4.027606708449776
856 4.0356341235918975
857 3.9877395981850543
858 4.052316259140498
859 4.112593203339269
860 4.161572373365645
861 4.120702483967529
862 4.131726337852738
863 4.092665238315518
864 4.091311071828345
865 4.032559929674311
866 4.004862873999251
867 3.949418429600774
868 3.9470298327179596
869 3.900565058758701
870 3.954050964198775
871 3.9787147285804463
872 3.9439137074252155
873 3.9504237421348747
874 3.9550427546323834
875 3.933360801508721
876 3.9947305929249257
877 4.057797999018471
878 4.042820154586914
879 4.016703172024368
880 3.9785692526541037
881 3.99979639890388
882 3.996569141394697
883 3.9852538494143657
884 3.9934612279585435
885 4.037533171045422
886 4.027786721081348
887 4.06325315811552
888 4.051748416742358
889 4.063413923890073
890 4.10761448295182
891 4.089136900605283
892 4.109227312521328
893 4.1149538145057845
894 4.062256008703974
895 4.058702222041257
896 4.091256828469464
897 4.033367633827915
898 4.0724651204273945
899 4.028782266709425
900 4.020110366203998
901 3.969768105202684
902 3.9400301746074304
903 3.914110530821537
904 3.963076973184844
905 3.990105418289401
906 4.056204073708763
907 4.105914427194339
908 4.093162400142372
909 4.088004410003457
910 4.094998992261321
911 4.076371543194931
912 4.085139849074893
913 4.071979579234497
914 4.080616763963302
915 4.009682707881059
916 3.9640096186514118
917 3.946273673608502
918 3.9251466781550453
919 3.933756931342358
920 3.9183266128544774
921 3.941406808970581
922 3.954527903834777
923 3.9346534933245785
924 3.954555604474046
925 3.963844933541218
926 3.9795937073491343
927 4.012910664185873
928 4.034277308068735
929 4.018358486050404
930 4.0031122886617325
931 3.893294958900533
932 3.814704814275508
933 3.8657377479263832
934 3.8318241462336795
935 3.8202808839178455
936 3.9065686575967504
937 3.892720246885928
938 3.852289597806434
939 3.926987565395804
940 3.9355293187430282
941 3.927798770870752
942 3.9936934693081594
943 4.022141821332031
944 4.01390123410253
945 4.08437961907801
946 4.040691441990035
947 4.049489891377076
948 4.057987107201385
949 4.105988129449324
950 4.083225567483821
951 4.070155580265238
952 4.044966979922151
953 4.053814358885823
954 4.068851202299692
955 4.014153311866319
956 3.9905317563566065
957 4.021468193998234
958 4.023874587708527
959 4.000363676854244
960 4.06716480067114
961 4.063003280365413
962 4.06716523687514
963 4.139644956804404
964 4.1192148306024885
965 4.08721208451109
966 4.0794009825548985
967 4.086784591180163
968 4.069939493933626
969 4.066658825204443
970 4.03763361905184
971 4.063738800572306
972 4.08800831083037
973 4.026138799913768
974 4.076495621702816
975 4.107405687683357
976 4.063215272089611
977 4.04694201264721
978 4.077161588139888
979 4.1367211005405125
980 4.137232883387203
981 4.144119634700909
982 4.224644697702921
983 4.230288506773605
984 4.184830113544641
985 4.166704043585712
986 4.175631222105022
987 4.10888875048883
988 4.0747849442351365
989 4.106533669536411
990 4.102516937624982
991 4.105969494613808
992 4.121875364460814
993 4.10806421399329
994 4.156943521430577
995 4.125213273799033
996 4.088454222317157
997 4.060683204021351
998 4.0624223496358995
999 4.032771488860734
1000 4.025510702579933
1001 4.02331278845557
1002 3.99214093797263
1003 3.9744925480612032
1004 3.969898913226458
1005 3.9783583275995498
1006 3.9413760113367347
1007 3.9506110178019695
1008 3.943400635369139
1009 3.9109677690946416
1010 3.933589926429006
1011 3.9362919517189217
1012 3.951863802006355
1013 3.940051264592853
1014 4.010806865988244
1015 4.044683920648652
1016 4.074486584951376
1017 4.070312121954825
1018 4.071005454341315
1019 4.047806880161554
1020 4.073850954649025
1021 4.072502167695015
1022 4.0284664904585625
1023 4.00264139063536
1024 3.9929340893036662
1025 3.9648720241267807
1026 3.9962951463268537
1027 4.003268364564682
1028 4.0052015907072445
1029 4.0037496734688425
1030 4.052120570897311
1031 4.078166302148188
1032 4.133083417145123
1033 4.228948750339749
1034 4.241953256306549
1035 4.292398191668026
1036 4.293711553686676
1037 4.227449575173077
1038 4.263453157547166
1039 4.255909749519495
1040 4.1992642435696785
1041 4.14612569890133
1042 4.114941996625722
1043 4.106740527899186
1044 4.119052974981705
1045 4.110907654574721
1046 4.0773313443011405
1047 4.087947019581856
1048 4.038779750933043
1049 4.0111012280214835
1050 4.021849500755265
1051 4.0468463388783045
1052 4.038420159160221
1053 3.979324285778068
1054 3.9614298132736745
1055 3.9708405484844165
1056 4.017669433598019
1057 4.010426846030537
1058 3.949222560772617
1059 3.947386055173392
1060 3.910856817228922
1061 3.8564729565933416
1062 3.819864918802553
1063 3.8446399161395597
1064 3.8830326073302563
1065 3.9357148340687518
1066 3.9595540696184552
1067 4.0169118250785925
1068 4.024433703937576
1069 4.09183800427715
1070 4.080284799667436
1071 4.0459892087765725
1072 4.009719515602068
1073 4.074783805387517
1074 4.086643992208909
1075 4.049264302598778
1076 4.011913664247439
1077 3.997422765401305
1078 3.9916463462184053
1079 3.9939308783143717
1080 3.9422062723968496
1081 3.9297757316127853
1082 3.933584331808602
1083 3.92746537834208
1084 3.9492100189367334
1085 3.9575727280216944
1086 3.937532817962222
1087 3.9321067642971093
1088 3.923634552844875
1089 3.9429206061976445
1090 3.9137243978957397
1091 3.8722186045630296
1092 3.879598378794081
1093 3.8148506274425427
1094 3.8007786662547782
1095 3.872820279996319
1096 3.906972275687662
1097 4.003948580043673
1098 4.024773398424006
1099 4.025312832309653
1100 3.9618040570335853
1101 3.9324025791395893
1102 3.896569846684355
1103 3.9035618640865253
1104 3.9766293371122434
1105 3.9726268448718183
1106 4.008904406589142
1107 4.049237526363632
1108 3.9639870091912504
1109 3.850071386198289
1110 3.837808491687382
1111 3.849390213609621
1112 3.834947510384883
1113 3.848544452845778
1114 3.807255080831771
1115 3.834563148487865
1116 3.8966048955115866
1117 3.981805011000192
1118 3.983240984174013
1119 4.022245818545434
1120 4.031241278412635
1121 4.0519585457961
1122 3.9866180483587437
1123 3.928093049410448
1124 3.909912934760698
1125 3.9734302861934485
1126 3.952393436496905
1127 3.945071171626607
1128 3.9923291358100688
1129 4.033767551615807
1130 3.966172416464766
1131 3.982129181139638
1132 3.9902842620247245
1133 3.987388780221908
1134 4.043633349928175
1135 4.0166735125257285
1136 4.057634906495662
1137 4.082913361089335
1138 4.113288232914606
1139 4.147212562766325
1140 4.108079515795815
1141 4.12208078623168
1142 4.079327789271036
1143 4.121369670700121
1144 4.093649513084291
1145 4.037642988723821
1146 3.9669700273460204
1147 3.916896611703456
1148 3.9102459673030605
1149 3.913837497969501
1150 3.9239847075649292
1151 3.9033983549405775
1152 3.86939946209663
1153 3.840830030290009
1154 3.9134018818493432
1155 3.8887919348183457
1156 3.878181197028897
1157 3.8495909125629577
1158 3.828853332395759
1159 3.844220831637648
1160 3.895927667716518
1161 3.913826426614491
1162 3.9948154294323723
1163 3.984032269331692
1164 3.993648288250855
1165 3.9703823047977487
1166 4.001606811961013
1167 4.048048084922447
1168 4.098885547068458
1169 4.064343048964137
1170 4.094769413630708
1171 4.18440432016828
1172 4.179633533774307
1173 4.158555887781689
1174 4.1291658420498285
1175 4.130367362902688
1176 4.145014768540913
1177 4.191486481110414
1178 4.12772127071504
1179 4.180720607264131
1180 4.187152924110061
1181 4.15784997247562
1182 4.080131774439141
1183 4.061097140581277
1184 4.015639985342396
1185 4.062639000546172
1186 4.094095435702249
1187 4.088198605759058
1188 4.0894331061216596
1189 4.088243190703939
1190 4.035442066788045
1191 3.9835990889376247
1192 3.9229685932472704
1193 3.933053470429095
1194 3.8965665010132438
1195 3.950544425586922
1196 3.9758374223514337
1197 4.003202441956171
1198 3.990263311700224
1199 3.953419171756518
1200 3.9066961675019227
1201 3.985546767875266
1202 3.944612969530072
1203 3.8875412803867397
1204 3.913351449461244
1205 3.932760308272182
1206 3.916828833516584
1207 3.9001769378020597
1208 3.8774002134276024
1209 3.8158947147516993
1210 3.854373382246542
1211 3.8080356251737544
1212 3.793134988784122
1213 3.8048362404504754
1214 3.788041352906438
1215 3.8145990476418326
1216 3.7926362669880866
1217 3.7435739232035705
1218 3.763392839184807
1219 3.81559207998267
1220 3.7504691475383023
1221 3.7715068546683033
1222 3.7576227239831406
1223 3.806876386687518
1224 3.843242899946782
1225 3.82732187869327
1226 3.856207231430115
1227 3.8220876268198962
1228 3.842674695851436
1229 3.8348616833472136
1230 3.837609682156345
1231 3.8447038312923776
1232 3.8524007157552504
1233 3.832644451138317
1234 3.9068499890477635
1235 3.923433200639438
1236 3.958134303244803
1237 3.886871293673667
1238 3.8475270815112497
1239 3.92379939296581
1240 3.9072111025070893
1241 3.9261303575376703
1242 3.9274835967195556
1243 3.894474840926536
1244 3.8691892928977483
1245 3.85065310743532
1246 3.8993825881126956
1247 3.902565776993228
1248 3.8648127134143833
1249 3.922707170408066
1250 3.998060489701837
1251 4.0129181915910666
1252 4.046903621891853
1253 4.122727414509855
1254 4.031822053397695
1255 4.0932905926415115
1256 4.1247559544140895
1257 4.161338198804522
1258 4.210647142737492
1259 4.130819805275283
1260 4.126151040972754
1261 4.143077710063373
1262 4.1095915551664355
1263 4.123043808597406
1264 4.095515082847496
1265 4.124543319911584
1266 4.072802167671282
1267 4.095884173862906
1268 4.066898090954554
1269 4.04086036145068
1270 4.114953931852913
1271 4.104611448702125
1272 4.135845131498897
1273 4.2166571851621475
1274 4.206932146881318
1275 4.183217658674442
1276 4.130048991212295
1277 4.114223123304124
1278 4.046768220725212
1279 4.017303810099407
1280 3.9549659171524025
1281 3.946300610543795
1282 3.922127957789176
1283 3.956712555437264
1284 3.9214468640584257
1285 3.9653695358329784
1286 3.9636739525110443
1287 3.9050366371857756
1288 3.8830685486215515
1289 3.8891789360888374
1290 3.9115699457546564
1291 3.8667055298106265
1292 3.8623008745894585
1293 3.9258468631723455
1294 3.9747454982715005
1295 4.0090892839829415
1296 3.951757625595645
1297 4.012323323363908
1298 3.9907855897800677
1299 4.0052963321494675
1300 4.027170954698998
1301 4.0755672466201105
1302 4.097234553078838
1303 4.076641298705294
1304 4.039149983887562
1305 4.021003735659945
1306 3.9053584688825613
1307 3.983897329564263
1308 3.974095412524676
1309 3.9901883891825274
1310 4.023241213550772
1311 4.041419247729767
1312 3.95458459939064
1313 4.022963856290994
1314 4.007117290953655
1315 3.959241019074051
1316 3.9731880884804243
1317 4.039024980037329
1318 4.090112303756418
1319 4.1236968910445
1320 4.133261253337956
1321 4.161149931139956
1322 4.201894878542226
1323 4.194122034283737
1324 4.186187979131495
1325 4.198603799606547
1326 4.204200642497835
1327 4.240474237873393
1328 4.300106564006825
1329 4.311240448785126
1330 4.305742597243526
1331 4.204935370511849
1332 4.1978431861353895
1333 4.231969319056553
1334 4.213291057124322
1335 4.267839155408416
1336 4.19868261006492
1337 4.265790252746076
1338 4.319833444423107
1339 4.275594661863433
1340 4.244652922985991
1341 4.208268623330701
1342 4.199570853691182
1343 4.176158381945693
1344 4.165832241521467
1345 4.189883868497078
1346 4.235675986201434
1347 4.1884623465889765
1348 4.101193847145868
1349 4.091858322422507
1350 4.039852821465322
1351 4.083765989650234
1352 4.079011221487094
1353 4.101794632470171
1354 4.127692297493773
1355 4.1160192161971825
1356 3.9993856208601657
1357 3.9877891659894327
1358 4.022791448893268
1359 4.029883047193262
1360 4.0457944127180925
1361 3.968766446679612
1362 3.9093166267817674
1363 3.8929639209223126
1364 3.8832167787926806
1365 3.9101524214290375
1366 3.8715713287119615
1367 3.8065299324761876
1368 3.7681180701570884
1369 3.7646887698387963
1370 3.8158829318704424
1371 3.856455964404424
1372 3.906464435762426
1373 3.967739317074578
1374 3.966193259233301
1375 3.916513715306193
1376 3.929391583618629
1377 3.922420648779523
1378 3.851726949057271
1379 3.816830273428691
1380 3.8477892776774696
1381 3.81909466486771
1382 3.8519423463332045
1383 3.8158944443861946
1384 3.823210311863546
1385 3.8745918140150475
1386 3.896761826734502
1387 3.928717200932092
1388 3.948260051801823
1389 3.9258695405547486
1390 3.9332877920580476
1391 3.9741891522715083
1392 3.9617405254367934
1393 3.9791828838635057
1394 3.9838847978919265
1395 3.9821395254372227
1396 3.989644251100947
1397 4.001646234497204
1398 3.909223027061305
1399 3.913864045119894
1400 3.928831082985704
1401 4.03225151933509
1402 4.02002591356546
1403 4.057933137686191
1404 4.007474276312904
1405 4.016226999428671
1406 3.963308019945206
1407 3.9842691868355913
1408 3.9580856406655287
1409 3.9357958565044218
1410 4.023249118623
1411 3.9831335549975755
1412 4.019186644467497
1413 3.9373803283407756
1414 3.9572199386922877
1415 3.9262927835346644
1416 3.929431273039741
1417 3.9332279694958054
1418 3.8573231784961752
1419 3.930336911156583
1420 3.911689615147304
1421 3.9113250098209504
1422 3.8634989833091264
1423 3.8354200121803803
1424 3.931052625914299
1425 3.916668577068545
1426 3.9014030676807834
1427 3.9301039539006792
1428 3.9652557954503207
1429 3.982129245942829
1430 3.9579251432624805
1431 3.958349662443805
1432 3.953389018670782
1433 3.9648472889572464
1434 3.9394605727798186
1435 3.963705581293931
1436 3.9184514583317815
1437 3.9161489872732647
1438 3.9224960901755255
1439 3.923457207084943
1440 3.8329182921469402
1441 3.9012673481362
1442 3.9148849172049136
1443 3.9325075139083934
1444 3.8897336973168986
1445 3.8793824943275395
1446 3.8287678611281977
1447 3.856831341689818
1448 3.779386444423951
1449 3.7878636306203104
1450 3.76254719139621
1451 3.8038094972138627
1452 3.7775830531210604
1453 3.7866469616910963
1454 3.804910757547534
1455 3.7878363633907783
1456 3.8185302163551524
1457 3.844790854536711
1458 3.812483278306587
1459 3.8326929177577784
1460 3.788949834171185
1461 3.790031323308071
1462 3.7834239390585696
1463 3.8705528548896955
1464 3.8916727020317508
1465 3.9089031431605106
1466 3.907340917396242
1467 3.9703751846671906
1468 4.031161683190876
1469 4.036670498579049
1470 4.0966941621411035
1471 4.140066799246513
1472 4.138578047306553
1473 4.148105528837405
1474 4.218305046681723
1475 4.229167550235785
1476 4.212309796096818
1477 4.248143206986532
1478 4.2629559226089455
1479 4.2368847690104925
1480 4.24313834969089
1481 4.1973263010027635
1482 4.248981304567334
1483 4.243683893235591
1484 4.242663486917483
1485 4.2395214875126594
1486 4.326557525141562
1487 4.239990210807236
1488 4.271410148721363
1489 4.3219673544058965
1490 4.370984920647678
1491 4.373791771717144
1492 4.361895201076096
1493 4.461870035919508
1494 4.426039730511021
1495 4.449204652796819
1496 4.404473328538774
1497 4.377690609759754
1498 4.36220507579184
1499 4.335053659777986
1500 4.297930155651886
1501 4.278556913365361
1502 4.213873200457787
1503 4.173379459139378
1504 4.201728970356953
1505 4.239291832038127
1506 4.230230297483531
1507 4.202338028639968
1508 4.217643845700019
1509 4.199351829808673
1510 4.222789208418556
1511 4.272911903499894
1512 4.288016326342073
1513 4.287592295625573
1514 4.349714222045996
1515 4.339768199399632
1516 4.290701591352175
1517 4.2459142581197655
1518 4.248534618795265
1519 4.298597307665386
1520 4.3378615290467
1521 4.336172513775407
1522 4.320421037826606
1523 4.3820862969093035
1524 4.336444079330603
1525 4.369542024712537
1526 4.348074389850873
1527 4.344132076564033
1528 4.324005076647988
1529 4.309768228142349
1530 4.329443934105142
1531 4.281408528122579
1532 4.318987451279094
1533 4.329341652124765
1534 4.3156046042023455
1535 4.229320203365651
1536 4.19329223893651
1537 4.140777238970105
1538 4.0494650417194515
1539 4.074079392607647
1540 4.032438257751644
1541 3.9731558859454736
1542 3.9400023738146506
1543 3.964568595009906
1544 4.013044686395196
1545 3.9598379547687035
1546 3.9685058370497535
1547 3.92966346815145
1548 3.982216646864448
1549 4.066084493810014
1550 3.9822846882132
1551 3.9517770408940978
1552 3.915895286101258
1553 3.951840667664975
1554 3.934881539487046
1555 3.9644225785540583
1556 3.9561781322207827
1557 3.909049117363535
1558 3.846415879329159
1559 3.8278667941879587
1560 3.817576130851137
1561 3.806023701058257
1562 3.832340014902381
1563 3.8716757123738166
1564 3.8808492586075363
1565 3.832843716277883
1566 3.8758858846484348
1567 3.9398270131514743
1568 3.9239892392022786
1569 3.9779564397387643
1570 3.975247413009295
1571 3.9853409362703838
1572 3.9545698956076505
1573 3.9567885276403363
1574 3.9466783642614716
1575 3.9019110557098764
1576 3.89575328188856
1577 3.859171428803844
1578 3.844964993109648
1579 3.905695107231902
1580 3.865730902788032
1581 3.9010937713492613
1582 3.9383768931177277
1583 3.9425385186802218
1584 3.9588871821745495
1585 3.9217128018482565
1586 3.821518438091567
1587 3.8823649112296725
1588 3.894849501028857
1589 3.957573042436234
1590 3.9472633992388
1591 3.898703165130702
1592 3.9155356762585827
1593 3.9898858341891406
1594 3.9421102847600378
1595 3.978986952285008
1596 4.096847438768784
1597 4.054692020160052
1598 4.089212393713922
1599 4.063971685481181
1600 4.10955819325485
1601 4.079391340090596
1602 4.097178797948243
1603 4.042386198118364
1604 4.036831984090793
1605 4.045868013872672
1606 4.048714294176347
1607 4.047217262598428
1608 4.034680486118072
1609 4.038147823099623
1610 4.0366923167169535
1611 4.066254491597521
1612 4.030331832172011
1613 4.032095340846602
1614 4.101908328096601
1615 4.038801396481228
1616 4.074953307095172
1617 4.07087307651091
1618 4.123510027020564
1619 4.075287208201711
1620 4.098456172925062
1621 4.085165612499354
1622 4.073423884138556
1623 4.114968112863721
1624 4.115663624409419
1625 4.12348200822492
1626 4.06737538634786
1627 4.091468280178949
1628 4.168596430962896
1629 4.274005168011421
1630 4.237527905604681
1631 4.278337192743294
1632 4.237105085683483
1633 4.273717145420731
1634 4.282922120379009
1635 4.18969446446856
1636 4.164594960548384
1637 4.148607047947547
1638 4.0381234857369765
1639 4.041341685603488
1640 4.141261013616417
1641 4.148412290451198
1642 4.145119964319825
1643 4.149960914341446
1644 4.117947856810365
1645 4.117460173957647
1646 4.126811488642616
1647 4.170271847726335
1648 4.141652051560356
1649 4.118505724929712
1650 4.060726924898685
1651 4.0016579034330615
1652 4.017663417679522
1653 4.055016099658241
1654 4.110821855278015
1655 4.0540594114329345
1656 4.004428586100791
1657 3.9370960185607995
1658 3.8900606665782673
1659 3.921791922537759
1660 3.9412860862128714
1661 3.969630900500475
1662 3.9100057335105176
1663 3.8719207747833013
1664 3.902561689544384
1665 3.9285634316979405
1666 3.971922265646333
1667 3.934607341432784
1668 3.9570531799645083
1669 3.9245820858772884
1670 3.900780405507875
1671 3.956560459578514
1672 3.9581093204140148
1673 3.98176364862098
1674 3.968446039825838
1675 4.005716682943825
1676 3.954698223120735
1677 3.9769393356127356
1678 3.995748531219807
1679 3.926010876867902
1680 3.8802993257376244
1681 3.891173495996609
1682 3.8570547577314693
1683 3.8625934235802903
1684 3.8179673484081618
1685 3.833887817297943
1686 3.884188386389684
1687 3.9179931491315942
1688 3.8810828767338577
1689 3.973261296905905
1690 3.994570878274595
1691 3.9992036156894475
1692 3.9810670512392017
1693 3.933115820059022
1694 3.9649611863549037
1695 3.9916071462125
1696 3.997098133980428
1697 4.00763159830151
1698 4.078232376813919
1699 4.0650769369178725
1700 4.066675137830806
1701 4.003013495019234
1702 3.986236794138602
1703 4.0134763386145735
1704 4.065961411896488
1705 4.045405657034962
1706 4.039793026953854
1707 4.014266130526065
1708 3.9837143063474163
1709 4.014929126141695
1710 3.9830072957548235
1711 4.046200920059864
1712 3.953851202896344
1713 3.9380653203495273
1714 3.911404130393493
1715 3.8985131363534307
1716 3.8742274888554937
1717 3.867078765282979
1718 3.8518295857082205
1719 3.8455947800618855
1720 3.859525928124
1721 3.966106466567628
1722 3.97748410462959
1723 3.9680922145359405
1724 3.940484790706329
1725 3.9873982737476115
1726 3.9533288900713965
1727 4.012993419322361
1728 4.075669835911832
1729 4.071868368462528
1730 4.020416433139842
1731 4.058439530391208
1732 3.98399737188786
1733 4.0353690370895094
1734 4.038643746006416
1735 4.027834238755221
1736 3.9747309111824234
1737 3.946563613270705
1738 3.945126532850218
1739 4.002134494905
1740 4.033265307405222
1741 3.9937636997750317
1742 4.029000677885765
1743 4.04266170946068
1744 4.083434225607118
1745 4.070704904599133
1746 4.096429507030325
1747 4.1226229550899625
1748 4.07448147093471
1749 4.035305073171276
1750 4.084400562658995
1751 4.064127721481217
1752 4.008200152489733
1753 4.006538913471551
1754 4.028069709746218
1755 4.05620444851951
1756 4.057227192497117
1757 4.02231058674858
1758 4.030765637045209
1759 4.02431580573594
1760 4.00880787313677
1761 3.9852491458836794
1762 3.930122951705142
1763 3.9798948498245337
1764 4.008013578430582
1765 4.017058616327207
1766 4.0090352121254496
1767 4.070978606159334
1768 4.059792075900948
1769 4.0246254020971035
1770 4.048477676492865
1771 4.040219865535705
1772 4.102580774189425
1773 4.008771422284409
1774 4.073018785072493
1775 4.151882157343581
1776 4.164423382310976
1777 4.17081480270132
1778 4.151332315584782
1779 4.163414798752634
1780 4.1331320843268635
1781 4.105443458314624
1782 4.148484224800265
1783 4.120577192198357
1784 4.212773798416792
1785 4.208350870379459
1786 4.118216783070411
1787 4.125798621815475
1788 4.1470676836988005
1789 4.128800916178471
1790 4.120471857550448
1791 4.133386847196043
1792 4.092427785752756
1793 4.07644481868883
1794 4.0580896400495865
1795 4.010119139157465
1796 4.050845708791764
1797 4.0763756615562015
1798 4.187771803859926
1799 4.200927349827542
1800 4.092773122961659
1801 4.046177101620293
1802 3.9834309120372047
1803 4.045832031452631
1804 4.00830483699633
1805 4.075603136903359
1806 4.089070785968608
1807 4.111247340962116
1808 4.0825275697132755
1809 4.038947301331533
1810 4.0918013963241
1811 4.048963746972058
1812 3.9938462852563923
1813 3.99876839134612
1814 3.9781959786283974
1815 3.966892253803473
1816 4.001553650431596
1817 4.037126513823576
1818 3.9387749350883423
1819 3.928876685047753
1820 3.9604548296123614
1821 3.8913007583881467
1822 3.934525343544438
1823 4.047075942139006
1824 3.9993309738983966
1825 3.9903484335433257
1826 4.001007489405085
1827 4.064108737800011
1828 3.9944644767397337
1829 4.036918917654763
1830 4.0922224029256755
1831 4.125184792531983
1832 4.126484127296472
1833 4.174837462907289
1834 4.146716239207981
1835 4.104372328026921
1836 4.0913561480022365
1837 4.054037400493963
1838 4.153220239943796
1839 4.069259994781024
1840 4.018564782084572
1841 4.0453748475056415
1842 4.016224846943246
1843 3.95966123323879
1844 3.92629211208177
1845 4.002590838835108
1846 4.001132911404205
1847 3.9867875870121825
1848 3.9282274873166556
1849 3.9331748161546325
1850 3.9186418625462096
1851 3.8769499881701126
1852 3.908471549662556
1853 3.9915880440378424
1854 3.978516319762428
1855 3.9673963604842872
1856 3.9247326435980354
1857 3.85369954640598
1858 3.863470536843898
1859 3.946041963516442
1860 3.9316247691085477
1861 3.9342983684699977
1862 3.9270587333082516
1863 3.9162510450603327
1864 3.9343245863008747
1865 3.9054635660457153
1866 3.9400695960004777
1867 3.945538272137036
1868 3.953690112738249
1869 3.9206827173042758
1870 3.9069103305495916
1871 3.9565829607141585
1872 3.947035400531702
1873 3.897398201532306
1874 3.9330594766722653
1875 3.9940962522269463
1876 4.017680680277143
1877 3.991677880421106
1878 3.988027826918846
1879 4.004525398066807
1880 4.014967680029065
1881 4.0247000911644575
1882 4.060445981571401
1883 4.016970842333555
1884 3.9991930512248337
1885 4.010289249806837
1886 3.9724275710225116
1887 3.9421333002715926
1888 3.9797373664135485
1889 3.9329597256631605
1890 3.94312672552156
1891 3.890506092477208
1892 3.899753205631802
1893 3.839850925291786
1894 3.7839942867430185
1895 3.7566520594729265
1896 3.8229659064775605
1897 3.8822084510599404
1898 3.8802453886080435
1899 3.906244164260924
1900 3.930410255123874
1901 3.8994063582309866
1902 3.866156390112321
1903 3.8731914170713497
1904 3.8034466912887073
1905 3.7270477043777346
1906 3.8193136457764307
1907 3.8791269400351833
1908 3.9930208432110454
1909 3.940849718073754
1910 3.9474437284338784
1911 3.9869094692018217
1912 3.949341075984122
1913 3.941598164249916
1914 3.9014108922964943
1915 3.9040213464279443
1916 3.877360192253934
1917 3.9288338254482285
1918 3.918369679256297
1919 3.8991404822919464
1920 3.9279542495431135
1921 3.991742508262163
1922 4.044778167287143
1923 4.050325012917467
1924 4.090167092823909
1925 4.053877105956287
1926 4.05026992337089
1927 3.994042591401857
1928 4.00332006643005
1929 3.9873309439316067
1930 3.9339111383426366
1931 3.8864684672500966
1932 3.941327364787676
1933 3.9993331586312797
1934 3.9905137882211204
1935 4.003025115245516
1936 4.089169814124508
1937 4.014724408643418
1938 4.0131835939370095
1939 4.000655638132687
1940 3.9623082118799244
1941 4.001613235743066
1942 3.983973824700019
1943 3.979525064754083
1944 3.9471770750086477
1945 3.9396076053798605
1946 3.935831288620546
1947 3.906207097902847
1948 3.9038151142067243
1949 3.8415721969148886
1950 3.861201442209479
1951 3.920394926906837
1952 3.9571936331037163
1953 3.924634823417388
1954 3.869865818682496
1955 3.917890309780658
1956 3.947402149463392
1957 3.9707332355269624
1958 3.984171625790553
1959 3.998611534382621
1960 3.9848063884919434
1961 4.000562827328056
1962 4.026189578727305
1963 4.017136779855
1964 4.075239413744742
1965 4.128596802291201
1966 4.0980934587795055
1967 4.167620212668053
1968 4.163265061615816
1969 4.1728333389756775
1970 4.145681406970102
1971 4.183484697710154
1972 4.218943903363612
1973 4.196119376876097
1974 4.192335499436526
1975 4.11945536075183
1976 4.130869802267837
1977 4.099787171744668
1978 4.107617788963867
1979 4.127124191855035
1980 4.1165732035117175
1981 4.103318659457842
1982 4.150760706749319
1983 4.1245115020181515
1984 4.117358341215633
1985 4.008895070046027
1986 4.0252990408789575
1987 4.0423805031547
1988 4.059466472309066
1989 4.050532392574674
1990 4.080459457207767
1991 4.1230921680420645
1992 4.09631728069576
1993 4.042309711892619
1994 3.962757931927795
1995 3.9215467350498763
1996 3.8978808391807895
1997 3.8940764546229865
1998 3.9191645306230134
1999 3.8659970365509584
2000 3.8688151991135835
2001 3.784696339058051
2002 3.757140926430929
2003 3.7720243208300714
2004 3.776049014524082
2005 3.7598081126960774
2006 3.7260507450575293
2007 3.8040531247272313
2008 3.814085889967447
2009 3.876727240480315
2010 3.907841440833606
2011 3.962418249151342
2012 3.9732047066600753
2013 3.9330450124684275
2014 4.015970170648664
2015 4.029747051652205
2016 4.033818688676749
2017 3.9706030150590226
2018 3.958163667337152
2019 3.958818719066702
2020 4.02632423753579
2021 4.018852327216863
2022 3.9914674165359134
2023 4.016565016195906
2024 4.06031353258351
2025 4.041656235888333
2026 4.007132290515059
2027 4.020567329392617
2028 4.052926294438883
2029 4.071894471126119
2030 3.973181348533436
2031 3.981598566346266
2032 3.92196811623929
2033 3.941736886706254
2034 3.9555312521052417
2035 3.930123737477911
2036 3.9401592627625193
2037 4.007767749163533
2038 4.004977779289937
2039 4.022476054338864
2040 4.064443973680191
2041 3.98263360147222
2042 4.032949753985273
2043 4.077177964894745
2044 4.05379877189777
2045 4.0679805709673955
2046 4.00496783175993
2047 3.947241384877547
2048 3.9226313617081603
2049 3.891774336866124
2050 3.8650696094320716
2051 3.8414217942551994
2052 3.9048968030795264
2053 3.902797618388616
2054 3.8840885032744783
2055 3.9574473258542793
2056 3.9835534609310947
2057 3.9842204967171013
2058 3.985951825057337
2059 3.9521130994903957
2060 3.990572340770622
2061 3.991063575526649
2062 3.9819453302004457
2063 3.998734288471194
2064 3.9982610174156665
2065 4.025651678761166
2066 4.00915529370285
2067 4.002623439455284
2068 3.9177368280677136
2069 3.9637689538441565
2070 3.9493864313118445
2071 3.9652088654373334
2072 3.9880253428919223
2073 4.004349505669649
2074 4.00999166945433
2075 4.060703609424438
2076 4.023760426339509
2077 4.0384562271414435
2078 4.04073817519716
2079 4.004854768495793
2080 4.0366008747504205
2081 4.024055024454415
2082 3.9884066889416743
2083 3.9941512910313155
2084 4.022353567301713
2085 4.068592673370054
2086 4.054671334567144
2087 4.076919419544956
2088 4.047201775463608
2089 4.032501631966076
2090 4.088037560094881
2091 4.086907160012505
2092 4.042038089999217
2093 4.017781427184336
2094 3.9864964505649523
2095 3.951334307718403
2096 3.9649363171064285
2097 3.965782582166583
2098 3.999417240137779
2099 3.9965070821622377
2100 3.9948501298646755
2101 3.99435121811066
2102 4.02001612679792
2103 3.9943890478335375
2104 4.012002081605217
2105 3.9879945433438517
2106 3.910884719499718
2107 3.9671454789442224
2108 3.9739997360579817
2109 4.047849254532705
2110 4.02293623057449
2111 4.041725978462948
2112 4.060959542186455
2113 3.9953018819406507
2114 4.040342184999124
2115 4.091668260632169
2116 4.1813121016158625
2117 4.199638931990177
2118 4.175734108407464
2119 4.22058535140387
2120 4.2385284534991765
2121 4.146993485994109
2122 4.155657545626237
2123 4.19121246231933
2124 4.091796354976352
2125 4.115501093726634
2126 4.210585079154895
2127 4.195511463102301
2128 4.179920963419366
2129 4.175821068983821
2130 4.097956578811943
2131 4.1192484652826495
2132 4.099312658953997
2133 4.1237353639176355
2134 4.065312913889127
2135 4.091841926291899
2136 4.118666424934821
2137 4.1276517810896305
2138 4.095418631069896
2139 4.069467698343141
2140 4.0651487204624726
2141 4.059397130431193
2142 4.109054397350402
2143 4.116249295987936
2144 4.082448293674085
2145 4.1150275570095
2146 4.121269781734403
2147 4.07884244944254
2148 4.070417224345199
2149 4.048587259237803
2150 4.073383371657888
2151 4.112990633199063
2152 4.081378342324182
2153 4.008518502665833
2154 3.994205860228033
2155 4.013474871386281
2156 4.053499744126368
2157 4.073676305599085
2158 4.051294705458363
2159 4.058619641796072
2160 3.9849163012244513
2161 3.976725596404592
2162 3.9736977451256674
2163 3.9905591482177183
2164 3.991406662772745
2165 4.024484616803937
2166 4.051940162595529
2167 4.079865682239852
2168 4.121724621684884
2169 4.127290686083317
2170 4.126683924820397
2171 4.142085971465831
2172 4.140721274394977
2173 4.170392319709282
2174 4.142619955074637
2175 4.196557060597822
2176 4.254651740186009
2177 4.2599058101226
2178 4.239797055782815
2179 4.241578785365677
2180 4.2622053379048985
2181 4.281784043484347
2182 4.270511946473419
2183 4.249832376005265
2184 4.236798020218754
2185 4.2327269289066205
2186 4.256126944638395
2187 4.279627382048445
2188 4.244458227640623
2189 4.275834227851272
2190 4.266929271835326
2191 4.2689385603899455
2192 4.217524436306132
2193 4.160061808358348
2194 4.198079090088411
2195 4.2147738901872644
2196 4.197017252018647
2197 4.248301472414148
2198 4.206096697490603
2199 4.14362162830498
2200 4.103372794444908
2201 4.091485967688792
2202 4.056847113093131
2203 4.056731032227225
2204 3.987888591253457
2205 4.003605137950792
2206 4.02397664460695
2207 4.08313944903236
2208 4.087549676076755
2209 4.102161425443511
2210 4.09761153691274
2211 4.076957875469264
2212 4.058769634365618
2213 4.0689080858633915
2214 4.081985457186394
2215 4.037609292802463
2216 4.0660690077586885
2217 3.9950664826322293
2218 4.00702324562196
2219 3.9839688926006893
2220 3.958998926228182
2221 3.91948104258615
2222 3.9340439059756545
2223 3.957842543523845
2224 3.902158191060183
2225 3.973209667272003
2226 4.031348297571888
2227 4.020341029965845
2228 3.985367499044019
2229 3.946244314046114
2230 3.9277843860993387
2231 3.9430232755044337
2232 3.8742347422001937
2233 3.8123363022589944
2234 3.805959566433415
2235 3.84169248910148
2236 3.846500296966537
2237 3.887864143332732
2238 3.9597489610704963
2239 3.9906982942594653
2240 4.0228526169828
2241 3.9997378040106275
2242 3.933354353355323
2243 3.8497448041296525
2244 3.8704895189212665
2245 3.919456699555785
2246 3.9157106297887254
2247 3.9005681182454124
2248 3.9164704416200133
2249 3.9213108933390832
2250 3.9602065482287556
2251 3.952399584359585
2252 3.9373211271120523
2253 3.9084357923323068
2254 3.9756451830490023
2255 4.01243303912551
2256 4.055861136698374
2257 4.089964130795487
2258 4.039012766635677
2259 4.136526347411567
2260 4.142470492125858
2261 4.1279147624112795
2262 4.147739922056403
2263 4.146568605515631
2264 4.165049431306157
2265 4.154167808305515
2266 4.1946659335636465
2267 4.200572719126318
2268 4.1467660583566985
2269 4.232934017623447
2270 4.124977685161949
2271 4.121135963356793
2272 4.086362577597926
2273 4.121045269973194
2274 4.14514567223319
2275 4.245541660681042
2276 4.182698289973834
2277 4.193694865961286
2278 4.159243651634307
2279 4.1309895055342105
2280 4.068329509759258
2281 4.058102050079256
2282 3.9985046361874277
2283 3.9545490694400507
2284 3.9216700139522622
2285 3.9483289871324514
2286 3.9433321708991627
2287 3.962523358983931
2288 4.003635211761013
2289 3.9989114769707426
2290 3.9862766290711478
2291 3.9602096680424212
2292 4.000358066323047
2293 3.958210126950253
2294 3.9571472567647605
2295 3.9651864445232747
2296 3.9728427267512503
2297 4.018985299121175
2298 4.007804520662665
2299 4.048782005952543
2300 4.061814708067614
2301 3.953110494729742
2302 3.9567367595539293
2303 3.9933233673505093
2304 4.098345516009836
2305 4.063293938812801
2306 4.106303166969538
2307 4.063427128794707
2308 4.052756815387772
2309 4.0519797715856285
2310 4.0918677443846345
2311 4.0845715955473585
2312 4.0957573873569455
2313 4.043858580426799
2314 4.037730119526208
2315 4.0290481639100895
2316 4.036280798774701
2317 4.044948141188654
2318 3.995461989039301
2319 4.045859180997251
2320 4.053988697548483
2321 4.043981802988253
2322 4.063249865355229
2323 4.12113815850254
2324 4.098439642082731
2325 4.04098525313211
2326 4.083414152697217
2327 4.0540324112938295
2328 3.9823570343539143
2329 3.97750218446949
2330 3.96633756263074
2331 3.929864889473673
2332 3.931464514644392
2333 3.904720889159903
2334 3.917729584171889
2335 3.882767869267835
2336 3.8679532381350703
2337 3.7890455099013667
2338 3.82955818001853
2339 3.7776691828824203
2340 3.823362218098779
2341 3.882764507420274
2342 3.871151187882084
2343 3.853644410724714
2344 3.8746264902320275
2345 3.877056156225313
2346 3.7868855915451194
2347 3.814086897506412
2348 3.8179008115442348
2349 3.862258002496682
2350 3.8096884511311355
2351 3.798258305105278
2352 3.835316825194388
2353 3.867179681624719
2354 3.9023710025687963
2355 3.891432185599854
2356 3.932228560197545
2357 3.94911525343093
2358 3.9157496094283566
2359 3.9438712607963504
2360 3.98341642823479
2361 3.994713248584192
2362 4.059245791453605
2363 4.01194533981797
2364 3.992564731088625
2365 3.9661708852571054
2366 3.957234358604403
2367 3.9296934909970545
2368 3.9490130562520727
2369 3.931244268274578
2370 3.943782114064222
2371 3.9792276013722585
2372 3.940644371491603
2373 3.930376999273496
2374 3.907343449583231
2375 3.9387250054054
2376 3.9477007754128635
2377 3.9604499970911093
2378 3.9597278624932897
2379 3.93583291715614
2380 3.924310701309998
2381 3.9232338955222468
2382 3.9782016705915297
2383 3.9847008737588765
2384 3.979698705181193
2385 4.005970618418584
2386 4.020613142995026
2387 4.077256965659389
2388 4.003903784823787
2389 3.9720981231087187
2390 3.986462080819599
2391 3.938620938019203
2392 3.987575532042797
2393 3.9358765222012293
2394 3.906206794861839
2395 3.9502402511367
2396 3.945791120977263
2397 3.971269342828116
2398 3.9434221436951096
2399 3.9644168503113315
2400 3.968848167669525
2401 4.0174809830345
2402 4.017846613929292
2403 4.061559650349466
2404 4.120852869834937
2405 4.131430180558209
2406 4.078479092976685
2407 4.118085170557077
2408 4.062260489843151
2409 4.092031827465721
2410 4.075313726793677
2411 4.091539939036563
2412 4.032507594672196
2413 3.9858693706427952
2414 4.068589137278797
2415 4.07469502079874
2416 4.102257026905969
2417 4.141584676535793
2418 4.128358471304711
2419 4.135959707252162
2420 4.159926567303881
2421 4.1570125643397065
2422 4.095990073955366
2423 4.0381882818619355
2424 3.972702068202908
2425 3.94411527978734
2426 3.932426770461613
2427 3.9310408429431387
2428 3.9301880813990433
2429 3.9073645471752614
2430 3.919525400586318
2431 3.906753548771276
2432 3.8840546307560997
2433 3.953292841680532
2434 3.9587298598699867
2435 3.9567074891675755
2436 3.9862901438009186
2437 4.008029544931013
2438 3.9577526663180747
2439 4.002339345776123
2440 4.020427855039043
2441 3.937509882800078
2442 4.01166915708191
2443 3.9849866155618874
2444 3.9919050953088173
2445 4.018772741454468
2446 4.014227057681973
2447 4.0268047940764715
2448 4.000541228253769
2449 3.9751237866405473
2450 4.024714656016344
2451 4.028105307320858
2452 4.084413140776971
2453 4.146060488182789
2454 4.196761498416394
2455 4.171680928109114
2456 4.0930965846887055
2457 4.092511382245177
2458 4.076346253081351
2459 4.047825842508313
2460 4.000613259738524
2461 4.028466988358329
2462 4.000633840696266
2463 3.9814207158500188
2464 4.017882045814066
2465 3.982106629447133
2466 3.9537249578546296
2467 3.9303963468077323
2468 3.963605068479634
2469 3.917118375463906
2470 3.9865583178488935
2471 3.9467113345660065
2472 3.915685981138008
2473 3.87087621014478
2474 3.88108601154151
2475 3.9217564227668644
2476 3.9400223059171315
2477 3.941674675985629
2478 3.917173732406967
2479 3.9510262687543696
2480 3.9639755094294906
2481 3.976747448752533
2482 3.958278435897742
2483 4.020326553665566
2484 3.986264568744407
2485 4.00639781746047
2486 4.016369128127177
2487 3.993688325585761
2488 4.0521702937904065
2489 4.073264548251643
2490 4.078090042384908
2491 4.162392373377111
2492 4.213833106400345
2493 4.2325662651175335
2494 4.210806776920382
2495 4.252460721722127
2496 4.191481081860935
2497 4.221051439041067
2498 4.1971817227415835
2499 4.239171677798686
