0 0.30000000000000004
1 0.4000000000000001
2 0.45825756949558394
3 0.48989794855663565
4 0.48989794855663565
5 0.5
6 0.5
7 0.4898979485566356
8 0.4898979485566356
9 0.4898979485566356
10 0.4898979485566356
11 0.4898979485566356
12 0.45825756949558405
13 0.4
14 0.4
15 0.30000000000000004
16 0.4472135954999579
17 0.5385164807134505
18 0.5385164807134505
19 0.5385164807134504
20 0.5385164807134504
21 0.5385164807134504
22 0.6000000000000001
23 0.6403124237432849
24 0.6403124237432849
25 0.6403124237432849
26 0.6403124237432849
27 0.6403124237432849
28 0.6403124237432849
29 0.66332495807108
30 0.66332495807108
31 0.66332495807108
32 0.66332495807108
33 0.66332495807108
34 0.66332495807108
35 0.66332495807108
36 0.48989794855663565
37 0.48989794855663565
38 0.48989794855663565
39 0.5
40 0.5
41 0.48989794855663565
42 0.48989794855663565
43 0.45825756949558394
44 0.4
45 0.4
46 0.4
47 0.4
48 0.4
49 0.3
