0 0.14000000000000015
1 0.7964349727909792
2 0.966909001340056
3 1.0576274840142106
4 1.1213198033390663
5 1.167063878278645
6 1.2095360793829253
7 1.246160672227394
8 1.2793035857491073
9 1.3040063929915495
10 1.3201112823919485
11 1.3105591613554426
12 1.3220172203013556
13 1.3400225741422782
14 1.3610583456454788
15 1.3826477867656777
16 1.3961437619811914
17 1.4106409987373294
18 1.4011917129939477
19 1.4118501817761742
20 1.4215246431847623
21 1.4237118160593016
22 1.4385015461500672
23 1.4360165056800713
24 1.450506314747924
25 1.4763437247561852
26 1.495239018597351
27 1.5125647022556927
28 1.5215608663892437
29 1.5185254911115187
30 1.5348683175629014
31 1.5448292766245233
32 1.5556321697854023
33 1.5627341694804542
34 1.5540187361763271
35 1.5447133792094072
36 1.5439495617124392
37 1.5674591715998043
38 1.5559143517069043
39 1.5580170610876574
40 1.553498022596915
41 1.5512054888640028
42 1.5643424254256957
43 1.5663026994133684
44 1.582486444807186
45 1.5950761537954845
46 1.603044178492841
47 1.6192623948926304
48 1.617392492335554
49 1.6120211458494642
50 1.6145537555408211
51 1.6260569608223483
52 1.6312589908879391
53 1.6604830149464131
54 1.6675372439877514
55 1.6975644964113128
56 1.6796165848019051
57 1.6871416496307434
58 1.6950029816671672
59 1.6714959216565364
60 1.643973730874599
61 1.646780585347921
62 1.6537259427773305
63 1.6483931934359246
64 1.6624616311999336
65 1.6434262563789483
66 1.6600071676963413
67 1.660166285039716
68 1.6851753341485685
69 1.7144785563023808
70 1.685601613832696
71 1.6831874886860332
72 1.6794730815063812
73 1.6889799929724214
74 1.696607298445847
75 1.7070946908817952
76 1.7263060966994253
77 1.7249274509454222
78 1.729162530992812
79 1.737877615773299
80 1.7484870536854251
81 1.7550516300265204
82 1.7660382257188747
83 1.7544425548097615
84 1.73577455570261
85 1.749713855136462
86 1.7528880572369872
87 1.7457153600548005
88 1.7527827481070588
89 1.75178559254372
90 1.754725691259653
91 1.752086589036407
92 1.761068147176659
93 1.7609530091002719
94 1.7393945999267815
95 1.7571768921561508
96 1.7487164596463887
97 1.7446446204084465
98 1.7281195008140384
99 1.7349278041743634
100 1.726508000984981
101 1.7291863025308998
102 1.7455712501555458
103 1.754203290492956
104 1.7445890843778884
105 1.7376933860676849
106 1.742480345600958
107 1.768290299863325
108 1.7480009892241923
109 1.7346003362001718
110 1.7358313760659454
111 1.7462563471262869
112 1.7843774019898122
113 1.7869012344298207
114 1.7894500971589016
115 1.7624449942509048
116 1.7534868313539818
117 1.755620382908059
118 1.7490973152258138
119 1.7640167222591612
120 1.7332236502975584
121 1.7505222410036976
122 1.7562902616958278
123 1.774758542149241
124 1.7772704815899012
125 1.7885743524602935
126 1.7966258690104977
127 1.7944584975682059
128 1.787435429968651
129 1.787249712180238
130 1.7957183040285785
131 1.7848982475266604
132 1.7633798640380614
133 1.7590447254288415
134 1.7548911373971003
135 1.7692446090408225
136 1.762307188409735
137 1.7678962273518872
138 1.7554948447357521
139 1.7417069316272753
140 1.7594224393853062
141 1.7759515460524429
142 1.772429672365224
143 1.7551702133729896
144 1.766459429640405
145 1.7944315204825758
146 1.7844672098369025
147 1.7909324503090178
148 1.8194093198057744
149 1.795176796015416
150 1.818300745281375
151 1.8408137811534215
152 1.8261402835807232
153 1.8331560106504556
154 1.8219688229173516
155 1.8068065826886672
156 1.7861409364678615
157 1.794974209410842
158 1.784830138568963
159 1.7994923715462101
160 1.801449339083751
161 1.7865763909708687
162 1.797002219301078
163 1.7906015557487973
164 1.8074055317353273
165 1.8044106394976986
166 1.810299528856362
167 1.7930106779721187
168 1.7967042833065758
169 1.792854050754485
170 1.8088287613815033
171 1.80884486872726
172 1.8283814937838616
173 1.8252536357697773
174 1.8108747043244398
175 1.78064763112253
176 1.7853942270404695
177 1.7908661234935577
178 1.7978072217096062
179 1.8030760200627418
180 1.7950588275260433
181 1.8030889235263532
182 1.7999548929537892
183 1.7877211509319393
184 1.773686137025306
185 1.7971893411210278
186 1.7939332959078877
187 1.8108447536608725
188 1.7810306960178786
189 1.7570960936006799
190 1.769589527897842
191 1.804854835430989
192 1.8223744808841176
193 1.829843789196557
194 1.8194015381694681
195 1.8104498728293061
196 1.8281432032473404
197 1.8204821571147787
198 1.8250248544764005
199 1.8253243354813427
200 1.8437190513869075
201 1.8331150610358171
202 1.8117512162475433
203 1.8337753150343614
204 1.8535791596510045
205 1.8400866885338718
206 1.8395201032633375
207 1.8363829822751283
208 1.831722654186052
209 1.8343181299297544
210 1.82307193107275
211 1.7944186919165224
212 1.7930268419064008
213 1.788059501128821
214 1.788671032074855
215 1.7839132511596534
216 1.803126798109539
217 1.7960592726357265
218 1.8114184984755746
219 1.8383792437209487
220 1.8438511796859791
221 1.8330645623337931
222 1.8206279767538573
223 1.8194813732550223
224 1.817434573158873
225 1.8280004162961854
226 1.821534218225323
227 1.8440928163776005
228 1.8313825049307206
229 1.8258836949693162
230 1.812334519284859
231 1.8163514248124644
232 1.8156270201080684
233 1.8181397733166753
234 1.8393110798989962
235 1.846056717880208
236 1.8179601384138513
237 1.812621900264028
238 1.8150525193481912
239 1.808752850504696
240 1.7916943054251737
241 1.797201003220722
242 1.7860666800305631
243 1.793321908238853
244 1.7948981660985048
245 1.8020322615118363
246 1.7816292483818181
247 1.7895269102540814
248 1.8057677362697806
249 1.7918574441950552
250 1.7926367508150098
251 1.7625539371265464
252 1.7537818211973728
253 1.7658140082902147
254 1.78145379058939
255 1.7694873166416585
256 1.7575253969575417
257 1.7642243231291785
258 1.7806797885687582
259 1.7509659266668967
260 1.7635919749487792
261 1.778446463839179
262 1.7794375860279763
263 1.7699331393669804
264 1.7770349941834076
265 1.7462716879794848
266 1.7385674857403175
267 1.7430828893664065
268 1.7589766065381058
269 1.7522606716978597
270 1.7754052729489627
271 1.776818837682443
272 1.7843015780664555
273 1.7680556543751984
274 1.7490171123164462
275 1.7251136785359407
276 1.7362805559513768
277 1.7611365257376317
278 1.7641012324879475
279 1.77181594532874
280 1.7495298022293426
281 1.7418085980742786
282 1.7263379511210857
283 1.7419259939139795
284 1.732485983918558
285 1.7561091982248742
286 1.7625529964757676
287 1.7836806291591756
288 1.790392522955971
289 1.7809270783642546
290 1.784184738164706
291 1.7611704216075046
292 1.7584863574630802
293 1.7482287053488017
294 1.733074842022746
295 1.7289539665041251
296 1.7166267230811045
297 1.7223949207485905
298 1.7345737046672496
299 1.7391722791987403
300 1.7225411078920112
301 1.7246255960806827
302 1.7317337925026939
303 1.7360725717488816
304 1.737647504530572
305 1.7283845291903517
306 1.7573788153136958
307 1.7207330760956878
308 1.7468106893778332
309 1.7650385931257344
310 1.7569795344830859
311 1.7296765396257243
312 1.7130054032156932
313 1.7052467910181062
314 1.7048007035173185
315 1.7019952902977173
316 1.7305735311679653
317 1.7114826072199563
318 1.7372008852149876
319 1.7439858371587595
320 1.72999484978768
321 1.736044347118302
322 1.7331270849161668
323 1.7306492316332045
324 1.7299366971390073
325 1.7484702949921211
326 1.7407006655998842
327 1.7193056119608554
328 1.7090713862586855
329 1.7167073202339156
330 1.7386533433142233
331 1.742255163812744
332 1.7394031592114356
333 1.7491233415999574
334 1.7414711205622124
335 1.7324177208299247
336 1.7292828756173895
337 1.741775199629015
338 1.733552396460754
339 1.7148664671511886
340 1.7123779380437731
341 1.7443972778373933
342 1.7614359088909892
343 1.7413627265179614
344 1.7520162468618485
345 1.7499200461433986
346 1.7444047492377552
347 1.741830521880707
348 1.7404768170550755
349 1.7539523065186702
350 1.7511183659088438
351 1.7643018097474812
352 1.7484946947020186
353 1.726894259303613
354 1.7374475074842188
355 1.7231392366033713
356 1.7455045330303829
357 1.714098907558847
358 1.7174708978791802
359 1.7580816955576903
360 1.769580970024551
361 1.783666504270472
362 1.812029395892356
363 1.80754352133
364 1.8242096120791007
365 1.8183415249338506
366 1.8250866144415616
367 1.8202138504453151
368 1.8324988847099986
369 1.8124693370644638
370 1.8026507673187038
371 1.8043179130439566
372 1.8356387699511805
373 1.844002143807236
374 1.8406805002355082
375 1.8143702046708798
376 1.823733579237968
377 1.8253037632825004
378 1.8387124102387946
379 1.869234112078683
380 1.8599850979163304
381 1.857506778667293
382 1.8787263323408234
383 1.8752784793972497
384 1.883098160975508
385 1.880633098004361
386 1.8748559915758343
387 1.8369044688615244
388 1.8330065006047846
389 1.8381654867325592
390 1.8073146532193918
391 1.8152688716294672
392 1.8179271551829397
393 1.8260033671764404
394 1.8187340192404016
395 1.8244879457405523
396 1.8201397108269546
397 1.8128996982156789
398 1.8218726953497062
399 1.8214252670593034
400 1.8382924929496074
401 1.838807642505813
402 1.8185447131430963
403 1.810446608713707
404 1.8061059342284491
405 1.8107026649811433
406 1.8152028624435028
407 1.8061974779098917
408 1.7993682959502681
409 1.8091841254282082
410 1.813113622194013
411 1.816729578219639
412 1.832596851478247
413 1.8094479103318042
414 1.8182075446117445
415 1.7905802508804773
416 1.7705994970041032
417 1.7936436111767364
418 1.7721363872584113
419 1.7320929346482818
420 1.748978914073918
421 1.762978374842646
422 1.7928532929529533
423 1.7716632442696463
424 1.7745551484533024
425 1.8114277752090957
426 1.8020551531824924
427 1.8155107583229577
428 1.8133679183751568
429 1.827105182906005
430 1.8264190830754239
431 1.8083250258124113
432 1.8235177150988817
433 1.8223949110485018
434 1.8045812360559808
435 1.8080767309334653
436 1.8121990560208976
437 1.8192922584981637
438 1.8023916189459235
439 1.8112398946212083
440 1.8274306457725575
441 1.8275651331209308
442 1.817551900381784
443 1.8122791338710171
444 1.7980895367988978
445 1.7932432787654309
446 1.7929317613503069
447 1.7878211768064012
448 1.7937065617357464
449 1.8159208927153387
450 1.8329134552741957
451 1.840017185416408
452 1.8488705763865907
453 1.8152588688372888
454 1.830315932844377
455 1.8197812802022986
456 1.8055130340316097
457 1.799537123348881
458 1.7885915428331116
459 1.7978875199973563
460 1.7921948247096122
461 1.7974526542074074
462 1.7867489233161746
463 1.794839852708067
464 1.7924224013303995
465 1.7930955788834748
466 1.7904987568487407
467 1.7931783196776812
468 1.791444108489603
469 1.7880471026849856
470 1.7851666063688083
471 1.7926863276172689
472 1.7918787294142762
473 1.8011547746393604
474 1.8054043341518047
475 1.8185285470853834
476 1.7810711081700683
477 1.7680807505418363
478 1.7778336102685413
479 1.7921228772618096
480 1.7788009366031394
481 1.7679170028351168
482 1.774635213398563
483 1.7840255491879893
484 1.79110087577878
485 1.7952410948285842
486 1.7935440729319123
487 1.7801382889215676
488 1.7866113471265288
489 1.78719824555236
490 1.7953359509933424
491 1.778349446798955
492 1.7772770181601831
493 1.7902686653627662
494 1.7807911049247034
495 1.7771190450883207
496 1.7823708724683527
497 1.7745132388390823
498 1.7819093581601575
499 1.7781524543459941
500 1.766238086979927
501 1.768689165643501
502 1.7647913938909394
503 1.7682560561389424
504 1.8047531140096154
505 1.7941743057294213
506 1.8094104184454134
507 1.8081053343616063
508 1.8176325737076542
509 1.8220579601609421
510 1.8419997779323767
511 1.854615508220596
512 1.8430848489206781
513 1.8510191536821936
514 1.8368097308084206
515 1.8390898140065979
516 1.8237294542305131
517 1.8302927709601189
518 1.8513781968828191
519 1.8542622318000732
520 1.8389557310820956
521 1.8361060837088052
522 1.8326204788503795
523 1.8394012319629567
524 1.8238131452510127
525 1.8314323059682645
526 1.8185886945089058
527 1.8243076914486303
528 1.8183809563085955
529 1.8325157227125093
530 1.8509525043903965
531 1.8456502851481735
532 1.853662511951556
533 1.8511169886821717
534 1.8396328844146732
535 1.8551355317193818
536 1.8568472992050624
537 1.8594690574610728
538 1.8690435283404572
539 1.8633965563253398
540 1.8714960175363686
541 1.8634273536371344
542 1.8770565532685972
543 1.8916380936973116
544 1.8925067106159559
545 1.8716501296951915
546 1.8513280743366634
547 1.882941999258384
548 1.8633947177858965
549 1.867384063601365
550 1.8643491407843666
551 1.9004537934428223
552 1.8973008705041579
553 1.9000805590959158
554 1.9001721596579173
555 1.885628476120459
556 1.8839599181269542
557 1.8757470310209152
558 1.840270728174234
559 1.8378547001824512
560 1.8076970838448705
561 1.8214111026845017
562 1.8246146673016403
563 1.8161938077374955
564 1.818865062356242
565 1.8251518827257076
566 1.824488799742291
567 1.8242220930378417
568 1.8547599253545592
569 1.864828300746676
570 1.8758196062311927
571 1.853413487842273
572 1.8581724007201594
573 1.8682587251047216
574 1.842671872382509
575 1.8579299954884585
576 1.8518526086858222
577 1.8649285151427784
578 1.8326957855274737
579 1.8343481768428518
580 1.8210581334030207
581 1.7987035022636104
582 1.789180498102163
583 1.7874505540537728
584 1.7962858654783023
585 1.8154479597996989
586 1.8112781969084226
587 1.8243896147484142
588 1.8111366299211336
589 1.8127444367565733
590 1.8378999590871368
591 1.839414553931094
592 1.8430648041626971
593 1.8448546489169404
594 1.839162460178199
595 1.8260756285874291
596 1.8268944980893216
597 1.8283051437598155
598 1.8136459073599662
599 1.7938250495350458
600 1.7952069420986894
601 1.8065036291100427
602 1.7794126179178613
603 1.8044397762959608
604 1.8151745973905848
605 1.8274514627874827
606 1.83211124008484
607 1.8353398011699003
608 1.8159580912960827
609 1.8207341617972843
610 1.8203972990522599
611 1.8276862577110742
612 1.816425450346661
613 1.8319903152285764
614 1.817667205128894
615 1.8269357621380258
616 1.846264077157973
617 1.8299964101764663
618 1.8306258202866592
619 1.836856043474083
620 1.7988406228626153
621 1.8005337125789067
622 1.7970593961964125
623 1.79858937477162
624 1.7980916023733908
625 1.8120414329620735
626 1.8231509219106814
627 1.8360178267492995
628 1.8074030599913875
629 1.7864937448961615
630 1.7882956162589208
631 1.810451296623934
632 1.8060410453603684
633 1.8121972474998187
634 1.7939407983786722
635 1.7852533598194895
636 1.7903625764086555
637 1.8068566225390006
638 1.8223044636688055
639 1.8226957857766997
640 1.8284864126871865
641 1.8329687766888947
642 1.8407965815586065
643 1.8484588976038157
644 1.8430237592097498
645 1.8632970927341546
646 1.8518521031398256
647 1.8511245340981841
648 1.855451049400619
649 1.8394604748015502
650 1.848465978424306
651 1.8446618628040776
652 1.8549074433947148
653 1.8323149126413372
654 1.8342881504107345
655 1.857365163241105
656 1.8648779860398184
657 1.8721606751635391
658 1.8712450655148753
659 1.8485872006444672
660 1.830602329116097
661 1.8368750930296616
662 1.8103073072303513
663 1.815449351862459
664 1.825950434214526
665 1.8063110756169842
666 1.8325471141491616
667 1.8252359315235114
668 1.8486073084154953
669 1.8446747676904098
670 1.8457461153986063
671 1.8412314172040376
672 1.8443835034129359
673 1.8363677043332038
674 1.8408038567239788
675 1.8415475625420583
676 1.8513065950152834
677 1.849749131435682
678 1.8516865963809863
679 1.842236311168518
680 1.8666323920201384
681 1.866679600015187
682 1.8617792601459269
683 1.8592034805906905
684 1.833355291582433
685 1.85121511213151
686 1.8469039977437185
687 1.84770054225156
688 1.847236076848483
689 1.8410370505062061
690 1.845281459726064
691 1.8562922581198977
692 1.8578886017018386
693 1.8657992595733999
694 1.8549167972404994
695 1.8351037711490092
696 1.8307828618506656
697 1.8291700051631568
698 1.8255270365327236
699 1.8251477943816523
700 1.8254037832757073
701 1.8222820855304138
702 1.8346774123237415
703 1.818712543024667
704 1.8306466352385198
705 1.8268164807050866
706 1.853670992025148
707 1.8585460919540866
708 1.8208961579906562
709 1.8229238135912242
710 1.8348850515770423
711 1.854490002274311
712 1.861383732129507
713 1.859895477915576
714 1.8608836566356401
715 1.8481082321519977
716 1.8389851913383748
717 1.8405339767083049
718 1.834367350704369
719 1.8512457594968108
720 1.854159582137357
721 1.836692820046751
722 1.8441823348931226
723 1.8429664418402638
724 1.844982859750786
725 1.8388711843900285
726 1.841753395560502
727 1.845399300194633
728 1.8509789798392986
729 1.8738281501972067
730 1.8684793529508772
731 1.863673847767632
732 1.867491104903169
733 1.8401115622249231
734 1.8367344375777335
735 1.8372557350790304
736 1.8395630674465675
737 1.8277491267445365
738 1.8467012974246166
739 1.8355012299413012
740 1.850018815646497
741 1.8714753647429825
742 1.8588154900464744
743 1.8526286660882645
744 1.8531191369782072
745 1.86728831424359
746 1.8644805294546933
747 1.8603537882920889
748 1.863911164205549
749 1.8716087523819147
750 1.850852394883123
751 1.8769340924601452
752 1.8791332858730891
753 1.8517757075313974
754 1.8691204622556723
755 1.8501604195314194
756 1.834589784968284
757 1.8383827563989632
758 1.8477626950342483
759 1.8583605631143127
760 1.880995016166276
761 1.8663675314310015
762 1.858513946052264
763 1.8467518800648017
764 1.8490949185709815
765 1.847591907643864
766 1.8335051408317897
767 1.8423519293165722
768 1.8278026761466812
769 1.8142451954872107
770 1.8312735517699936
771 1.8537348693557458
772 1.8384757083774652
773 1.86805498851106
774 1.8491351560076028
775 1.8490285256143224
776 1.8579418021873804
777 1.8575114544910503
778 1.8589625772269696
779 1.8402780540798596
780 1.845629080216928
781 1.8400969814354116
782 1.855203771980734
783 1.8381583158031722
784 1.8263960643437633
785 1.8246604740956256
786 1.8159942507823152
787 1.8301596361434154
788 1.8231209143167297
789 1.8226053654300087
790 1.8145348067691076
791 1.8216615923955723
792 1.8273671983651125
793 1.8130661585487413
794 1.8254132274827883
795 1.8021395309781116
796 1.7791879984566699
797 1.7693048305017842
798 1.7543990375042804
799 1.7515169993971385
800 1.7493456278680934
801 1.7442984495708276
802 1.75167329065628
803 1.769280554023526
804 1.7643164792238866
805 1.7694623065648947
806 1.7677859706331436
807 1.7734528417360393
808 1.763426936471375
809 1.7622154368463026
810 1.7339472606561046
811 1.7679899705849313
812 1.7753564762502134
813 1.77074004137419
814 1.7742245045068725
815 1.7485755383148724
816 1.7598318349745818
817 1.7570252938561381
818 1.7459793319544403
819 1.7354723273219574
820 1.7151234035569325
821 1.7173561600258112
822 1.7209671245414508
823 1.7213315076534412
824 1.69944694396632
825 1.7275002157606258
826 1.6953115890509267
827 1.67948564252874
828 1.6954423671350751
829 1.6994361971800884
830 1.702133783421755
831 1.69257075077544
832 1.6957817665856796
833 1.6968066434320341
834 1.7185657098492118
835 1.7090223159679163
836 1.691148541198151
837 1.678654201813018
838 1.6784298350164726
839 1.675736061417531
840 1.6849037109905236
841 1.6899926093405486
842 1.6881099879304353
843 1.7057946851822678
844 1.6774653919466693
845 1.6686328973443052
846 1.6705023020348935
847 1.6733007290697663
848 1.6563577132623226
849 1.6254216964416528
850 1.6215071096832554
851 1.6479067793930295
852 1.6493590769531032
853 1.6467060445936503
854 1.6493510211055025
855 1.651856370968736
856 1.652351067474538
857 1.6390294717128804
858 1.6233299998386237
859 1.631351179253019
860 1.6318066497512107
861 1.640702568526062
862 1.6463760198331259
863 1.6389922473726
864 1.6410727977680535
865 1.6575585953950005
866 1.6669971472997511
867 1.674912214105924
868 1.7077526997673491
869 1.724071623273901
870 1.6973487257732498
871 1.6903869743774482
872 1.7017440095745098
873 1.7167460684190061
874 1.7471097139748206
875 1.7281228529752903
876 1.7007639475413645
877 1.6991975978025906
878 1.7195403863452399
879 1.7194847244851517
880 1.7169186517900132
881 1.7151218633066907
882 1.6969882568715382
883 1.7125667785088612
884 1.7189763523813655
885 1.7228005460651343
886 1.7281157228021058
887 1.715496093926842
888 1.7313044131027706
889 1.7272194702212529
890 1.7450244949777365
891 1.7533113963612508
892 1.7592228597723834
893 1.754643097416434
894 1.7545682878561464
895 1.7476722566737117
896 1.7549668107857863
897 1.7560532826396464
898 1.750349913828306
899 1.727915118133797
900 1.7159141163764298
901 1.721424888267885
902 1.727491695737084
903 1.7455624652817787
904 1.7222429972564874
905 1.7150539918755345
906 1.7187402969654624
907 1.7284814160985125
908 1.703962105519282
909 1.6959858447469585
910 1.681551304833363
911 1.6691110612799005
912 1.6638319773501662
913 1.6659212755118624
914 1.6740047247146677
915 1.6767565117841192
916 1.6867588481378484
917 1.661723810246066
918 1.6699087924195937
919 1.6575390150080052
920 1.658224162194271
921 1.6633568973276989
922 1.6703465837307645
923 1.6588027075599043
924 1.6591646730230263
925 1.6703842093291041
926 1.6814069828782021
927 1.6851180045524277
928 1.6857839664632848
929 1.653552540735595
930 1.6519205441751168
931 1.6790942344569206
932 1.6698383676940358
933 1.646140550220983
934 1.6634330913121997
935 1.6698602291881313
936 1.6903361962371153
937 1.6742127547201577
938 1.6840036179757547
939 1.675313367107213
940 1.6759810252125615
941 1.6677845526071766
942 1.6723597337351312
943 1.6898612411080731
944 1.6793256507892815
945 1.6795210201999324
946 1.707227541414997
947 1.6986877518735317
948 1.6752843232620664
949 1.6689460493762553
950 1.65753217067224
951 1.6726523501851471
952 1.7007852631298526
953 1.7037088601133976
954 1.7031857415800928
955 1.7003109120332802
956 1.6940549229367219
957 1.729907612076191
958 1.7565914346613178
959 1.742726055505634
960 1.7368492211323403
961 1.7391882072219966
962 1.7377478674023459
963 1.7472234952372743
964 1.7568149253330574
965 1.778113171288533
966 1.7714615277323424
967 1.7867310103392164
968 1.7803108266311114
969 1.7791913279395732
970 1.8062803513738481
971 1.8213879720587405
972 1.7988706526636593
973 1.781797459640249
974 1.7722348653830233
975 1.7885310655662108
976 1.7629740795198439
977 1.7540097805498494
978 1.7789920845901037
979 1.8194112953396968
980 1.8212610308769095
981 1.8165704904276205
982 1.823245674839099
983 1.8161855169018686
984 1.7996010479410092
985 1.8215549774714175
986 1.8124802411444505
987 1.8172690389458581
988 1.822185151666732
989 1.829767514750001
990 1.8023805729888847
991 1.8033808783184
992 1.7977331237421348
993 1.8028515714974136
994 1.7975300954920348
995 1.7619442408706159
996 1.7852925245488154
997 1.7620125683090009
998 1.7824694287271174
999 1.7716962580897708
1000 1.774685738385143
1001 1.7674859515589667
1002 1.771008783104258
1003 1.7701404181034857
1004 1.761632100358304
1005 1.7633981437416477
1006 1.749897171602776
1007 1.7373364305302916
1008 1.7384651551827894
1009 1.737700556770658
1010 1.7359835486464559
1011 1.7336894419429216
1012 1.719399810869977
1013 1.7164748036888624
1014 1.7054933826436274
1015 1.7404141259078725
1016 1.7405732329998427
1017 1.751417058985139
1018 1.7524599764663578
1019 1.7779525868000843
1020 1.7483657676993334
1021 1.7492767206676134
1022 1.7708915436821908
1023 1.7619389439012643
1024 1.7565137301473812
1025 1.7660946709907737
1026 1.7742788602070683
1027 1.7527269808534618
1028 1.758691295256253
1029 1.766966674803206
1030 1.7644871149741312
1031 1.7758545075519232
1032 1.7759738792377464
1033 1.7704312147224501
1034 1.774673292469495
1035 1.770298853763976
1036 1.7741115841925035
1037 1.7792752718001283
1038 1.7909265020752188
1039 1.809588279740254
1040 1.8200494700033725
1041 1.803960418891323
1042 1.8010442735864745
1043 1.805021216539222
1044 1.8100420780234916
1045 1.8250461898816637
1046 1.8204636454047247
1047 1.8307638546240839
1048 1.8159417106532647
1049 1.785193077153532
1050 1.783338254318983
1051 1.7710950244383532
1052 1.763281779136399
1053 1.7658618203465843
1054 1.757246216385132
1055 1.7844594678392414
1056 1.78407660017971
1057 1.7893337048020574
1058 1.7557626259350585
1059 1.7383747115497588
1060 1.7354065884940497
1061 1.7460380167448508
1062 1.737836832292366
1063 1.745078378961861
1064 1.7515380180053928
1065 1.742423348082928
1066 1.7671159065485573
1067 1.7773774863592318
1068 1.7656299349290263
1069 1.741836675529416
1070 1.740075977285377
1071 1.7065008581774064
1072 1.7168775181343543
1073 1.7209708393247747
1074 1.7431454332236003
1075 1.7575521850394895
1076 1.7292307841539263
1077 1.725404493416707
1078 1.7375833843389439
1079 1.7128856452857142
1080 1.6889029480998792
1081 1.7087007787702853
1082 1.7018376705291058
1083 1.732432381188143
1084 1.7277991450492018
1085 1.7367264579899555
1086 1.7430894975418203
1087 1.7602421508088517
1088 1.7589933086080294
1089 1.7615671348508015
1090 1.7410834135034974
1091 1.746116942757221
1092 1.7395997435305481
1093 1.7605049123400773
1094 1.766049794543222
1095 1.7836468651841384
1096 1.7896590327213386
1097 1.7839664773588533
1098 1.778982144093961
1099 1.776202934103494
1100 1.7878604373591245
1101 1.7605478861446864
1102 1.7596457332754063
1103 1.7232344644390778
1104 1.737934801531104
1105 1.7455457902167781
1106 1.7249821041459836
1107 1.7177486233945671
1108 1.713540924161822
1109 1.7345552657012648
1110 1.761220054800003
1111 1.766946667927155
1112 1.7649294008866396
1113 1.7368032964972866
1114 1.7385627714197907
1115 1.7160669170588747
1116 1.726461304207072
1117 1.7306890715122665
1118 1.7358473905094005
1119 1.7306699683023166
1120 1.7172909330228086
1121 1.7200779009194247
1122 1.723535237475764
1123 1.7278452604099297
1124 1.7339969310469336
1125 1.7476216552529373
1126 1.743612095853285
1127 1.7704066400943603
1128 1.7589818674435966
1129 1.771711874913706
1130 1.7692485305549688
1131 1.7797088908662315
1132 1.7738082811207974
1133 1.7615089457814685
1134 1.7827368578987126
1135 1.7901527148942074
1136 1.7906787368140227
1137 1.7839158630323313
1138 1.779923321611529
1139 1.7777046184685392
1140 1.7614821138775747
1141 1.76620028335211
1142 1.7703775404212763
1143 1.7731853106870386
1144 1.7699305739006268
1145 1.765088619355351
1146 1.7667451176836872
1147 1.7833935499117644
1148 1.7838462726741233
1149 1.7422944689387245
1150 1.7348227667910157
1151 1.7552337833339433
1152 1.746028755994999
1153 1.776465035005652
1154 1.7652604886969174
1155 1.7628320607759784
1156 1.7768258394207896
1157 1.7775279839828564
1158 1.7601946035393758
1159 1.7595102052863318
1160 1.7866987557901308
1161 1.8078367355766012
1162 1.8024099386836323
1163 1.807918384030258
1164 1.8007282262441517
1165 1.7702195051294434
1166 1.7671636916083948
1167 1.7677217353003423
1168 1.7721533122177797
1169 1.7686327708958134
1170 1.7792347794844583
1171 1.7889202221953115
1172 1.7814003941289267
1173 1.7793773147309566
1174 1.7531246271937604
1175 1.7761237552108675
1176 1.793739547170211
1177 1.7752191924496983
1178 1.7893258043848075
1179 1.8052612472614373
1180 1.7743731238184233
1181 1.779140113850418
1182 1.771127456109839
1183 1.7697265884488291
1184 1.7906651547186037
1185 1.7877737870087997
1186 1.775438734958534
1187 1.779040897787816
1188 1.7850947394308991
1189 1.773496460900692
1190 1.7836740233539268
1191 1.7752729997486145
1192 1.7833321825042985
1193 1.7661635543685348
1194 1.7791856504238404
1195 1.8004147661007404
1196 1.7784701779537713
1197 1.7946920377558164
1198 1.7791998887400562
1199 1.769648358005544
1200 1.7733304273462644
1201 1.7719433616012077
1202 1.7954514979136724
1203 1.8119976176570574
1204 1.8236673048673644
1205 1.8121323850419273
1206 1.8179894170310786
1207 1.8054291389254866
1208 1.8058945458871734
1209 1.8116972824672581
1210 1.8030398713201854
1211 1.807856052181947
1212 1.8078860639120058
1213 1.8073644211376654
1214 1.7991905864532811
1215 1.7776522396039696
1216 1.785062551838757
1217 1.8070004865220077
1218 1.7943157341014015
1219 1.7969773279659325
1220 1.8202880341867762
1221 1.8267176366286426
1222 1.8395139324885077
1223 1.830903658270753
1224 1.8185614205215483
1225 1.813398658938714
1226 1.829944649358412
1227 1.8157038896065745
1228 1.8150800487051497
1229 1.8052713835357121
1230 1.8169656468319095
1231 1.8233777114099603
1232 1.839651134043676
1233 1.8155802235509384
1234 1.82670927201963
1235 1.8163649474516652
1236 1.8078152237223932
1237 1.820008200675606
1238 1.834455994085561
1239 1.8474294767233324
1240 1.8288558781515272
1241 1.8230196286296965
1242 1.828497351776229
1243 1.8361643220822872
1244 1.8292588008774364
1245 1.8528571927816078
1246 1.8541924731594381
1247 1.8403060497725838
1248 1.8321599840930092
1249 1.8307243357843301
1250 1.8438585577743964
1251 1.8285871022709492
1252 1.8210185252175535
1253 1.8172069462749518
1254 1.8320040820109937
1255 1.8287188342972336
1256 1.8148602564890925
1257 1.814768105857438
1258 1.7875595281093049
1259 1.8129969409054656
1260 1.811065534435829
1261 1.8288349473028895
1262 1.8317631460829682
1263 1.8241556664573273
1264 1.8311527281613815
1265 1.823846327409694
1266 1.8153996968594572
1267 1.7768710046419303
1268 1.7966026362981997
1269 1.8156261271503922
1270 1.8062299053477917
1271 1.7960328128580896
1272 1.7930306456417182
1273 1.778854730880811
1274 1.7795168564366408
1275 1.7594770424140336
1276 1.7620158041701557
1277 1.787582043291716
1278 1.800169865259414
1279 1.7955008578720628
1280 1.781275744956803
1281 1.7993578777615407
1282 1.8175453189873025
1283 1.813158504874436
1284 1.8311038170875313
1285 1.8438531337667856
1286 1.8549024181319753
1287 1.8593642748589179
1288 1.8576957615607628
1289 1.8707459469400094
1290 1.892762634824518
1291 1.8747413814649854
1292 1.8448034108953633
1293 1.8144159633827337
1294 1.8048344299384624
1295 1.805227135140118
1296 1.8145228252541505
1297 1.8278244859025088
1298 1.8537492523250956
1299 1.8338448503309377
1300 1.8494901617097224
1301 1.8165969420711445
1302 1.8263344556212806
1303 1.8344871628859538
1304 1.8249735032291485
1305 1.8339069155510637
1306 1.8311734973914562
1307 1.849241265601009
1308 1.8670135523293987
1309 1.8637091858195916
1310 1.863951226200308
1311 1.8621673388268454
1312 1.8612041100775405
1313 1.8717067864387678
1314 1.8604160517597637
1315 1.8610293567567755
1316 1.8512310002104553
1317 1.8475239140289252
1318 1.822073514687172
1319 1.8304993443657205
1320 1.809919229837005
1321 1.7941320023412914
1322 1.8050966786970575
1323 1.8092394334392694
1324 1.8113273663725942
1325 1.8057425052980423
1326 1.8044735523426194
1327 1.8014296922403443
1328 1.8095400553231544
1329 1.8155295397330737
1330 1.8119372179588853
1331 1.8197925156179457
1332 1.8189320754261677
1333 1.8416323074961825
1334 1.8335880078360995
1335 1.8468868484193661
1336 1.8353075284229512
1337 1.8281899957407466
1338 1.8410195482721747
1339 1.8184596795418653
1340 1.8160734507230878
1341 1.8148868004781664
1342 1.8129327153217971
1343 1.7789746711639243
1344 1.7741350446551072
1345 1.7897718637353435
1346 1.7923226578431664
1347 1.806810957399762
1348 1.8140627816031838
1349 1.8246713065815454
1350 1.8278143221948406
1351 1.806183941562258
1352 1.812713053936087
1353 1.8307370169913932
1354 1.8367707053318856
1355 1.8560897576099438
1356 1.8617246072897258
1357 1.8404094843209848
1358 1.8300159427513463
1359 1.7798284955379047
1360 1.7603922694198508
1361 1.746040538236911
1362 1.7171706220132656
1363 1.742276771065012
1364 1.7319623980886518
1365 1.7222206833909133
1366 1.7157434917658336
1367 1.7230811069995087
1368 1.7553208259050521
1369 1.7354379719239652
1370 1.7221873286434108
1371 1.7104151504394958
1372 1.7186110311715688
1373 1.7222455451537735
1374 1.7281930698071795
1375 1.7317603553671135
1376 1.7195567170601103
1377 1.7195733926406505
1378 1.7101608261329162
1379 1.6965887970442393
1380 1.689436059025261
1381 1.6981743559121747
1382 1.696991552077219
1383 1.6818351929794875
1384 1.6869558837496337
1385 1.6861834959713513
1386 1.6942429897747358
1387 1.6920837016854424
1388 1.6994289690477735
1389 1.690571851043112
1390 1.680400052758386
1391 1.6882892011658728
1392 1.68279762016346
1393 1.6862717716331417
1394 1.7029900175597836
1395 1.6991211564425246
1396 1.7061669476778747
1397 1.7017115883026397
1398 1.7009400612805805
1399 1.702892977933811
1400 1.6929880945355746
1401 1.6899124564735126
1402 1.694219551023388
1403 1.6902233819550412
1404 1.6797539620722244
1405 1.6827478197225196
1406 1.7064388701080104
1407 1.6938820627356888
1408 1.7119792875072084
1409 1.7237156276779413
1410 1.7109508272867062
1411 1.7151671726158435
1412 1.7231125918745815
1413 1.7517047938642256
1414 1.7249367614184805
1415 1.7276182047936062
1416 1.72204956341074
1417 1.724817702082835
1418 1.715777078475102
1419 1.727584431499484
1420 1.7242979004073484
1421 1.7478050127469285
1422 1.7525800566762146
1423 1.772837781939055
1424 1.768180104016959
1425 1.7654228864871027
1426 1.783587127562714
1427 1.7982979669888892
1428 1.7925522141710426
1429 1.778141822013765
1430 1.7682967650928276
1431 1.7788175654520264
1432 1.7882346049899547
1433 1.8024197098880845
1434 1.799623657234012
1435 1.8333906004690304
1436 1.811779735213001
1437 1.8093518438780904
1438 1.8351798045653047
1439 1.8221555319792162
1440 1.8022385093591495
1441 1.8068060339161216
1442 1.8046234696992542
1443 1.8005558281041625
1444 1.8023970976573571
1445 1.804733579313191
1446 1.7737385376925892
1447 1.772162202373917
1448 1.7777896083467117
1449 1.7931164963334887
1450 1.7906978870501105
1451 1.773893258513346
1452 1.7787456403572588
1453 1.7983672966831774
1454 1.798277623744112
1455 1.8041071160385933
1456 1.8029528035444538
1457 1.795656845102199
1458 1.8055514877094483
1459 1.7968110190411166
1460 1.7755077814461395
1461 1.772196553511482
1462 1.7697550507970226
1463 1.7795833715322575
1464 1.794259380077483
1465 1.8020519280623981
1466 1.8207900079913564
1467 1.8148928366564485
1468 1.8224177155737613
1469 1.8186257183652972
1470 1.8187469844419388
1471 1.804687965448219
1472 1.8001292077096493
1473 1.7945726898321512
1474 1.7851645200164306
1475 1.788133343819762
1476 1.7632120155987032
1477 1.7622031605804798
1478 1.7823275531703233
1479 1.7761135896119555
1480 1.7697701652905418
1481 1.7625285626633056
1482 1.7858283379364652
1483 1.7711317765632915
1484 1.7513571511767685
1485 1.759103487463691
1486 1.768703903266045
1487 1.7750983243086211
1488 1.7958115747287986
1489 1.7761387766304473
1490 1.76102619960341
1491 1.7745084696575422
1492 1.7776578939859184
1493 1.79445516876135
1494 1.78416312076228
1495 1.7750372536076955
1496 1.7809717868367454
1497 1.790471566977626
1498 1.776749707311253
1499 1.7704811310735848
1500 1.7717956563813935
1501 1.7572548239443018
1502 1.7785984694483252
1503 1.7667982679043297
1504 1.7577485135299045
1505 1.7510263184165549
1506 1.7580138630416098
1507 1.7409430423403065
1508 1.7556872875871503
1509 1.752678829082804
1510 1.7625070198851416
1511 1.740607425662811
1512 1.7615029454141153
1513 1.759329409842875
1514 1.7780372581851984
1515 1.776947791272412
1516 1.762583697603474
1517 1.757186502045078
1518 1.7582481603194426
1519 1.7586005751079083
1520 1.7501796596091348
1521 1.7744838523500461
1522 1.7476203795550844
1523 1.7357831463826456
1524 1.752602192141552
1525 1.751837090890702
1526 1.7481021477638732
1527 1.7310173874296075
1528 1.7183364819577924
1529 1.728424270138653
1530 1.7252066681215115
1531 1.7385088008878922
1532 1.7440638747470456
1533 1.7277291961236856
1534 1.7402700564711886
1535 1.7715493832639655
1536 1.7679282446589772
1537 1.7419528801968363
1538 1.7462064952604837
1539 1.7273181156148067
1540 1.7347583682813323
1541 1.757430990429245
1542 1.757756518811182
1543 1.7602715629215597
1544 1.7659724534904715
1545 1.7581217293900355
1546 1.7578277823742618
1547 1.7516169842046667
1548 1.7373178910062865
1549 1.7159329922647766
1550 1.7272376764488164
1551 1.7368563165329172
1552 1.7312898867450566
1553 1.7471406524257795
1554 1.7565085445844721
1555 1.7576593888130614
1556 1.7559136636526302
1557 1.768907732641633
1558 1.7486489424152336
1559 1.7418669244483078
1560 1.7304667130606237
1561 1.743825303433199
1562 1.7439083290988961
1563 1.7352481496881922
1564 1.7757508882645672
1565 1.7752166508363485
1566 1.781253481398953
1567 1.7793350999793889
1568 1.7635514672882397
1569 1.7458154078303219
1570 1.7515831118359508
1571 1.7415930651908846
1572 1.7358959760942454
1573 1.7313164174134037
1574 1.7182053939594502
1575 1.7215326271803773
1576 1.7062709713660025
1577 1.7056883453629619
1578 1.7057665446836148
1579 1.7216311614673692
1580 1.7021495048075306
1581 1.7135219498618257
1582 1.7342233810793344
1583 1.748464121691749
1584 1.7464760293673078
1585 1.7404785634490256
1586 1.7478355601642697
1587 1.7289402474454751
1588 1.7396213962139586
1589 1.7805532059057572
1590 1.7734993023522252
1591 1.7670271482532771
1592 1.76878070603503
1593 1.7558485092489686
1594 1.75806215269414
1595 1.771022078507133
1596 1.7978761450828933
1597 1.7862966600078298
1598 1.7855407257070666
1599 1.7884926812532271
1600 1.7886369301802572
1601 1.7966262218371254
1602 1.8043822727165133
1603 1.8219943097822309
1604 1.8161143899255279
1605 1.7908170934920629
1606 1.7937576805678497
1607 1.797991482125954
1608 1.8032414268270318
1609 1.812440220766782
1610 1.8110745662668393
1611 1.8017273190739262
1612 1.828713100281991
1613 1.8407281915106646
1614 1.8493570918288658
1615 1.8599047743572796
1616 1.8758727711181262
1617 1.8816017101028482
1618 1.878352238457775
1619 1.8642286832750714
1620 1.850080452132839
1621 1.8216648790592962
1622 1.8488576585606435
1623 1.8546482399747959
1624 1.8446838953025417
1625 1.8143290296403578
1626 1.801164700175982
1627 1.7993906089011722
1628 1.77922671828227
1629 1.787373320760818
1630 1.7973202286591563
1631 1.8255710533557776
1632 1.8073464967680146
1633 1.7944144743967063
1634 1.7948606523562765
1635 1.8199356723959605
1636 1.8348995134145258
1637 1.8025801812119189
1638 1.8033288094345423
1639 1.7954277806671606
1640 1.8137675797626616
1641 1.8156031800137373
1642 1.8103999133327904
1643 1.8011335766040986
1644 1.7924165705025885
1645 1.8085697890443526
1646 1.7942418482867575
1647 1.795806910060285
1648 1.7953986240759934
1649 1.7855649410793706
1650 1.7753743552611017
1651 1.7895043711451286
1652 1.7825772148667554
1653 1.7870947971682873
1654 1.7736239682360582
1655 1.7741231765549559
1656 1.7694344594328786
1657 1.7529483809991924
1658 1.7381576481320784
1659 1.7467477492170747
1660 1.7789848081483939
1661 1.7933811653546912
1662 1.79597416924155
1663 1.8182255143470512
1664 1.837287275855954
1665 1.825511886966375
1666 1.8143797028866544
1667 1.7965327237309707
1668 1.7869878749221855
1669 1.8068375781307426
1670 1.7838492707988356
1671 1.7883830694504772
1672 1.7909951815102065
1673 1.7847915456061727
1674 1.7790619020800513
1675 1.7987488794773627
1676 1.788841112395402
1677 1.8178677649123787
1678 1.8112673006217412
1679 1.8209187827762114
1680 1.8220862681744543
1681 1.815196358472611
1682 1.8298144412747654
1683 1.8271094543480362
1684 1.814931671355613
1685 1.8320499092166551
1686 1.8058910764530043
1687 1.820629195023867
1688 1.815363810830917
1689 1.8222461481393026
1690 1.8123499102887388
1691 1.7861794247520373
1692 1.7896300304173491
1693 1.7954393933412023
1694 1.8013951825224848
1695 1.8018778863959113
1696 1.7940125345760982
1697 1.8009754309900279
1698 1.805602884223546
1699 1.8008834221247827
1700 1.7877526868359919
1701 1.7987589174443865
1702 1.8176165124468004
1703 1.7983208190626805
1704 1.7938408309084213
1705 1.7902123871571425
1706 1.7840164235744576
1707 1.7759035242591528
1708 1.7806526723746223
1709 1.7829251715329937
1710 1.7841633069302774
1711 1.7734618106129054
1712 1.7923270038181998
1713 1.7560976714743533
1714 1.7743927825961268
1715 1.7653297612635144
1716 1.783053878675589
1717 1.8004498614859548
1718 1.8149921201706396
1719 1.7983206981565525
1720 1.8039595458365638
1721 1.8175377275841615
1722 1.7937600845397186
1723 1.809441939260571
1724 1.8256410054381016
1725 1.7921621421704723
1726 1.7694124881188136
1727 1.7824430602635752
1728 1.7648914801647777
1729 1.8015774399331739
1730 1.806991709196888
1731 1.7923569753964497
1732 1.7790291199040853
1733 1.7643983761105444
1734 1.7615112472091405
1735 1.7705636881665592
1736 1.7786034591661044
1737 1.778751315650201
1738 1.8001516215414648
1739 1.7868172785825218
1740 1.7931125083250543
1741 1.7912761435528801
1742 1.8004554123067342
1743 1.7968226987381855
1744 1.8006423241695362
1745 1.8040839670031783
1746 1.8028396497329495
1747 1.7995596859272762
1748 1.7961921535063852
1749 1.78162474806544
1750 1.788700395164691
1751 1.8052635407662216
1752 1.8000035421695473
1753 1.7945217272916465
1754 1.7925249848428728
1755 1.7999510729855448
1756 1.8107276366860816
1757 1.8101393691227017
1758 1.816661894953689
1759 1.8119548502889566
1760 1.8325178523017052
1761 1.822474532039937
1762 1.8382055110961568
1763 1.8288929903749778
1764 1.835671875009802
1765 1.8595477925585981
1766 1.8228367257305695
1767 1.8194335512638165
1768 1.807278563544223
1769 1.816507388156229
1770 1.7935357707785604
1771 1.804748518665879
1772 1.828476979714998
1773 1.8233001695721633
1774 1.8207227754500688
1775 1.8179958939271856
1776 1.8329855651519835
1777 1.8206158814456936
1778 1.8220178328727241
1779 1.824819598386577
1780 1.8379446619910709
1781 1.8454051605388164
1782 1.8255623506615513
1783 1.8268332970700454
1784 1.8184268460015554
1785 1.8254156072950147
1786 1.8275167164340422
1787 1.8327916891946474
1788 1.827944515307971
1789 1.825130265438716
1790 1.8179619401600862
1791 1.8215779382943835
1792 1.806018570127925
1793 1.8104620820747996
1794 1.797103329546971
1795 1.7782982288374258
1796 1.7813338582060718
1797 1.7724418182913027
1798 1.7689524310268292
1799 1.7865171298035256
1800 1.7932204069086146
1801 1.7893685624445086
1802 1.7949344470675503
1803 1.7970645810243078
1804 1.8079343103548258
1805 1.8137199358374512
1806 1.811494836982659
1807 1.7977636604864469
1808 1.7673816584620026
1809 1.7577971334008353
1810 1.7720087671470015
1811 1.7598813946608771
1812 1.7493050178399876
1813 1.7549663886748583
1814 1.7561448237795911
1815 1.7661832809807685
1816 1.7838023961165457
1817 1.784330959222156
1818 1.7886963625926426
1819 1.7918515507511414
1820 1.7946324896049675
1821 1.7997788328172024
1822 1.7983884848347322
1823 1.8063403837511083
1824 1.8257239149021016
1825 1.8199435096827912
1826 1.8024362783005778
1827 1.820079277805471
1828 1.8189439298951546
1829 1.8239756918367758
1830 1.8326780239346487
1831 1.8555667001314822
1832 1.84200040039548
1833 1.8216811133598705
1834 1.8152247749672727
1835 1.8172520598612762
1836 1.8050652104310578
1837 1.8165000199026777
1838 1.7958636728450745
1839 1.7941894550093074
1840 1.7900104973739486
1841 1.7816636544808144
1842 1.784114198459667
1843 1.7854658825178296
1844 1.799761743445086
1845 1.794124011340403
1846 1.756259537975895
1847 1.7418859666418516
1848 1.7515139066414895
1849 1.7537805729545126
1850 1.7827403861785882
1851 1.7472059722152684
1852 1.7419253812440487
1853 1.7583893062754326
1854 1.7626206312406618
1855 1.7648127208326176
1856 1.7642672900837375
1857 1.759096959434803
1858 1.757022094859006
1859 1.7606955308624992
1860 1.7765976062721014
1861 1.7782699389436911
1862 1.7925608195082952
1863 1.7813883825128258
1864 1.7943090728965645
1865 1.7728552611684463
1866 1.7699389860841952
1867 1.7805140224849954
1868 1.7921953136319715
1869 1.7991970512523137
1870 1.7943926817508666
1871 1.784272046068122
1872 1.7986399718141095
1873 1.837631714988299
1874 1.8212248551323347
1875 1.809088432796905
1876 1.801510049186149
1877 1.8185278020877877
1878 1.8287007419354424
1879 1.8201125178800985
1880 1.7980366826851923
1881 1.7864378149758733
1882 1.7762507447635851
1883 1.7853639740257028
1884 1.7944413838217061
1885 1.7793298008770444
1886 1.777391717038882
1887 1.7762447941014778
1888 1.7847035243886271
1889 1.76601777087963
1890 1.7778050414919
1891 1.7830430040636163
1892 1.7843210043175792
1893 1.777819433932663
1894 1.7936808967702313
1895 1.7798192865605023
1896 1.7753844415640245
1897 1.778600237518588
1898 1.7551239145736184
1899 1.7813382497756811
1900 1.779792245794917
1901 1.7880165227513993
1902 1.7782786361290135
1903 1.7647616704575435
1904 1.7793040477106492
1905 1.796862161732852
1906 1.8125912336707843
1907 1.8157612947975972
1908 1.8418193543319676
1909 1.8339010734216328
1910 1.789802192453158
1911 1.7711825364320188
1912 1.744352234871543
1913 1.7432406184248779
1914 1.7275506876334865
1915 1.7296368754670806
1916 1.7455559866048296
1917 1.7384546047865945
1918 1.762607600614635
1919 1.7234796290978303
1920 1.739232162816223
1921 1.7287520115750445
1922 1.7284384801500707
1923 1.722086035870551
1924 1.7372174073537037
1925 1.7330964945562124
1926 1.7376207172981586
1927 1.731888716490852
1928 1.7188562256442141
1929 1.7385664770334444
1930 1.728793906080469
1931 1.7220455316283858
1932 1.7415534373453605
1933 1.735389500972619
1934 1.7331001545823121
1935 1.7138269271047415
1936 1.7266693309645973
1937 1.744358133958446
1938 1.7190885595128018
1939 1.732713951044894
1940 1.702172341349742
1941 1.7165686945988796
1942 1.7270062010186709
1943 1.7373680886364011
1944 1.7487676413058375
1945 1.7538393869478406
1946 1.725775362534647
1947 1.7538155204448425
1948 1.7265890590153918
1949 1.7303690483431353
1950 1.7337993936952745
1951 1.7382486563681507
1952 1.7319787674906502
1953 1.7385312521254723
1954 1.70202502937313
1955 1.7063578716492753
1956 1.6968576991136042
1957 1.6766975643992617
1958 1.6705493913241702
1959 1.6477098508241133
1960 1.6502687565327425
1961 1.6678310297257783
1962 1.6752420448486383
1963 1.6711052134530733
1964 1.69470493657223
1965 1.6778573575375382
1966 1.6665571252636584
1967 1.681596144607482
1968 1.6889393765624405
1969 1.6826610123493995
1970 1.6719852097071646
1971 1.701249835943289
1972 1.7049487442538755
1973 1.7187461594605
1974 1.6928688592964676
1975 1.69468968486208
1976 1.7009182265245244
1977 1.7203397716291478
1978 1.702603506181034
1979 1.7002697983011843
1980 1.6969670917557256
1981 1.6772102364581654
1982 1.684333155683757
1983 1.6838037591667492
1984 1.6842419360442455
1985 1.6861437126302488
1986 1.7048864419367415
1987 1.7488922689256725
1988 1.74325470464385
1989 1.7512731439942328
1990 1.7540267242198453
1991 1.7532781362699796
1992 1.7678324132481196
1993 1.7586793600361943
1994 1.7559707537903597
1995 1.7621729468900966
1996 1.7382625856466836
1997 1.7331297502849616
1998 1.7226515020274848
1999 1.7366476607125338
2000 1.742728690447779
2001 1.7486347312427046
2002 1.7290818015707428
2003 1.742247513630649
2004 1.762442518927034
2005 1.7306974921176765
2006 1.7415234921592084
2007 1.7274879055320975
2008 1.7439684617272806
2009 1.7614761760506272
2010 1.7464645693559904
2011 1.7800686836149768
2012 1.7816788348258579
2013 1.7625631396435733
2014 1.7518150547094864
2015 1.750994151532948
2016 1.7203880270876857
2017 1.7147336042722492
2018 1.7154561586379584
2019 1.727499033011989
2020 1.732074351693295
2021 1.7240239865081832
2022 1.7215839520487466
2023 1.7213405913719968
2024 1.7155212278588912
2025 1.7092133040681166
2026 1.6923446107787903
2027 1.6815629443445446
2028 1.6819461003592644
2029 1.6796429803925583
2030 1.6822271252705872
2031 1.6562362271736115
2032 1.6663803064964935
2033 1.6909556055489956
2034 1.7182331114646237
2035 1.7234114542355545
2036 1.7159984375422377
2037 1.7250246480767748
2038 1.744825250958711
2039 1.7519680402863593
2040 1.7566026949344578
2041 1.765940632655717
2042 1.7786573350326393
2043 1.7727524550813962
2044 1.7699751839247986
2045 1.7754617836674225
2046 1.7694908420464992
2047 1.773227298230284
2048 1.7621604876227426
2049 1.7826659668243017
2050 1.7702786587921475
2051 1.7431903447398216
2052 1.7559971388021909
2053 1.7619968127816201
2054 1.7627468228663699
2055 1.7512356898896957
2056 1.7565526688590734
2057 1.7543596054428248
2058 1.7427159325376544
2059 1.7562756457742899
2060 1.741265178296735
2061 1.7630450966468039
2062 1.7535956750788304
2063 1.7641124596801834
2064 1.7432888004154092
2065 1.7430894167150053
2066 1.7435955745555094
2067 1.7594639745298926
2068 1.7666196178689098
2069 1.7623006422033205
2070 1.7465280491935535
2071 1.752223425523581
2072 1.762981461051655
2073 1.7694342595197343
2074 1.7554269823024997
2075 1.7654327594177948
2076 1.7863856714032502
2077 1.7854055413061038
2078 1.7613668293678952
2079 1.759643605240611
2080 1.7631283421575987
2081 1.7595743201433403
2082 1.7975775735563442
2083 1.790421228925161
2084 1.7978609376976165
2085 1.7788857164306955
2086 1.8069357621652702
2087 1.8098538988800306
2088 1.7901955325666674
2089 1.790056596603864
2090 1.7811584290233033
2091 1.7840134803238106
2092 1.7836813792606265
2093 1.7970834804982636
2094 1.7697517001917271
2095 1.7740698769097636
2096 1.7603054908942035
2097 1.7685200215896715
2098 1.7535793407533424
2099 1.7565678126983306
2100 1.7669397647233063
2101 1.771451811616037
2102 1.7675672251697323
2103 1.7812737342028924
2104 1.7821590068153954
2105 1.7854511089581302
2106 1.766010623732602
2107 1.7613690846826566
2108 1.763416882537529
2109 1.7618998970396884
2110 1.7652284279738695
2111 1.7666118722171733
2112 1.7762571392974107
2113 1.7761424517157254
2114 1.7546991815809811
2115 1.7310995421436726
2116 1.703773228593925
2117 1.7101720942235092
2118 1.711428226701485
2119 1.7207500680412133
2120 1.718724848817682
2121 1.7044475848851623
2122 1.7291338051107126
2123 1.7204334845421363
2124 1.733532842096292
2125 1.7340149305715562
2126 1.7336034541519623
2127 1.7282996551388283
2128 1.7232142014119507
2129 1.735373548088887
2130 1.7360657294821558
2131 1.7730362782379367
2132 1.7776820201510828
2133 1.7615539872587485
2134 1.760784825100434
2135 1.747879608228672
2136 1.7524634395158534
2137 1.7622941184551377
2138 1.7454758449817127
2139 1.743594895760421
2140 1.7634014680094472
2141 1.7640650114167074
2142 1.7854929429313768
2143 1.7996641943143976
2144 1.811365207792953
2145 1.7992919565767336
2146 1.7864803652678218
2147 1.7835500877574788
2148 1.7812756626083432
2149 1.7742439123489588
2150 1.789799635342434
2151 1.796264756178103
2152 1.783740986075747
2153 1.77037423400311
2154 1.7764708599830703
2155 1.7634518179062366
2156 1.7386797189329426
2157 1.7249390536574056
2158 1.7367327251689881
2159 1.7435025474705703
2160 1.7568347404804734
2161 1.7778451804243178
2162 1.7696103321225491
2163 1.774615530930259
2164 1.7652520434728256
2165 1.773588113010773
2166 1.7777762592088022
2167 1.7753336410873959
2168 1.7945055772832146
2169 1.7944473537660761
2170 1.7787152210724502
2171 1.7625485999442103
2172 1.7657264337882312
2173 1.791662559024416
2174 1.7845708726245686
2175 1.7940980408191896
2176 1.7911871619356292
2177 1.7763244487243122
2178 1.756237694660336
2179 1.7498189660315762
2180 1.7459941298999035
2181 1.74418947034042
2182 1.7351059891585654
2183 1.7324152435983213
2184 1.7477350636901616
2185 1.7631188452219724
2186 1.754305752170324
2187 1.7345543128496161
2188 1.7223791700887403
2189 1.7084642744649405
2190 1.7283434825140178
2191 1.726730385518655
2192 1.7433588529676527
2193 1.7554998595263092
2194 1.7493466877875732
2195 1.7327361299608819
2196 1.7382825000898023
2197 1.7149477822938222
2198 1.6998627799469244
2199 1.7015895440049023
2200 1.706625208457452
2201 1.7023739797268769
2202 1.7047984378840022
2203 1.705700194298837
2204 1.7089656593778961
2205 1.7106803017388665
2206 1.706793471219946
2207 1.6917362827718248
2208 1.6904405683030221
2209 1.6936864927133954
2210 1.6779982378853466
2211 1.67806264454971
2212 1.6890321724920332
2213 1.6990705016684524
2214 1.7116703777016498
2215 1.7102804111137166
2216 1.7052734159722407
2217 1.6929356160729767
2218 1.6960316711492387
2219 1.687205656775324
2220 1.7008310439989167
2221 1.6891755029831008
2222 1.697806175083402
2223 1.6974838632068785
2224 1.7093921734865496
2225 1.7083017490368904
2226 1.7013402914169284
2227 1.7036990330067356
2228 1.7067141129084629
2229 1.7023254756309156
2230 1.7068641998977794
2231 1.701251709782199
2232 1.711984597858089
2233 1.7100436930770226
2234 1.7066184432938782
2235 1.7093069936536467
2236 1.6991184252921492
2237 1.7195418992955294
2238 1.7136239883105322
2239 1.7080913851531856
2240 1.7131058080237236
2241 1.717947041971249
2242 1.7398825698516092
2243 1.739391559746154
2244 1.7499997114866894
2245 1.7474923764411263
2246 1.7411114821806415
2247 1.7446872213041675
2248 1.7254421087231697
2249 1.7530106769088838
2250 1.7501503206390803
2251 1.7589226501726387
2252 1.7430731407401807
2253 1.7500425571916733
2254 1.7242699093719762
2255 1.713153246385605
2256 1.7185232544132425
2257 1.74453225062334
2258 1.7372127132809771
2259 1.7401496849191616
2260 1.7366316478434087
2261 1.738326983657987
2262 1.7398384610908122
2263 1.728331531094573
2264 1.7356805921752996
2265 1.7331619032545362
2266 1.7268359458482345
2267 1.7133567553574605
2268 1.712743618412696
2269 1.7094506465043187
2270 1.6856365801119568
2271 1.691568557842932
2272 1.7062834707447656
2273 1.717670575352011
2274 1.7415547399471627
2275 1.725452067294964
2276 1.7118326936084913
2277 1.706778033698082
2278 1.7169690653524114
2279 1.696473880494719
2280 1.6983035978851122
2281 1.70193446117419
2282 1.6986688983631015
2283 1.6982336134714526
2284 1.6954198500093443
2285 1.7152644138763404
2286 1.7134613510052912
2287 1.734647140203967
2288 1.7555863033583499
2289 1.7553107237339212
2290 1.7606427189214042
2291 1.7674603046085329
2292 1.7567798391835356
2293 1.771693476129637
2294 1.7566830911243825
2295 1.7644507573686115
2296 1.7565727788583438
2297 1.7488556253833698
2298 1.7380479597677732
2299 1.760601873417005
2300 1.7611924119373112
2301 1.7469918202758143
2302 1.7543287086625383
2303 1.763740348547413
2304 1.7770047963680353
2305 1.7729564406626472
2306 1.7599875375358132
2307 1.7664284879351726
2308 1.7685994412765873
2309 1.7765548814792025
2310 1.8094752879901987
2311 1.7966617030994252
2312 1.8071571987773063
2313 1.7929632874232266
2314 1.780265415296978
2315 1.7946997340534567
2316 1.7940313603514983
2317 1.7942528249793759
2318 1.7781399040167338
2319 1.79006897808879
2320 1.7893866823697477
2321 1.7910787502624177
2322 1.7700628355200985
2323 1.7595725473662
2324 1.7808025656425914
2325 1.7727866646877544
2326 1.7864282800832558
2327 1.7846405797820173
2328 1.7841673992631144
2329 1.7856346251416793
2330 1.7803753319637294
2331 1.7636835680229563
2332 1.7700000711997208
2333 1.750625577230214
2334 1.7687491982012238
2335 1.7543548399438706
2336 1.7664785047245553
2337 1.7283380026286839
2338 1.7341274283669739
2339 1.7165545106233286
2340 1.6858423301492684
2341 1.6999584266202974
2342 1.6958782177109426
2343 1.699855472897872
2344 1.7243388542942097
2345 1.719142334944271
2346 1.7217595670328267
2347 1.7267772155943448
2348 1.7160622084469441
2349 1.7087959999359683
2350 1.7043956001870595
2351 1.7183583503650366
2352 1.6795226972153134
2353 1.6929152042909152
2354 1.668038350182975
2355 1.6564620397566927
2356 1.6565061768780558
2357 1.6694548708849295
2358 1.6824841470480447
2359 1.6876258153093486
2360 1.691672476559488
2361 1.7014587293155978
2362 1.723883848915914
2363 1.721533793288697
2364 1.7301109723155752
2365 1.7412531448134443
2366 1.7352718872611421
2367 1.754109257930883
2368 1.7389984844445794
2369 1.754921550165
2370 1.7536343189826582
2371 1.741759249424012
2372 1.7475592849651462
2373 1.744673364697591
2374 1.743570054327971
2375 1.7416868550181985
2376 1.723458039532611
2377 1.7356580710910365
2378 1.752474145390328
2379 1.7622399610151762
2380 1.7479285434353813
2381 1.7558589341021118
2382 1.7503196476358251
2383 1.725991044939582
2384 1.7343091210030586
2385 1.74968543481773
2386 1.762851848101096
2387 1.7504971374035074
2388 1.7394929825538354
2389 1.7500802756446276
2390 1.774616190793307
2391 1.7775381704826747
2392 1.7772795356187459
2393 1.7981082039462917
2394 1.7911043815377425
2395 1.7867957354022324
2396 1.7779936202232747
2397 1.781879791078583
2398 1.7681803924690578
2399 1.7649790099594205
2400 1.772620754188308
2401 1.7732915547633525
2402 1.7695835306700551
2403 1.7578415205086213
2404 1.7650502837851587
2405 1.754493861134299
2406 1.7616384568399661
2407 1.7647610170565933
2408 1.7765666668067923
2409 1.7767256983902584
2410 1.7620078381125108
2411 1.7525082008269421
2412 1.7458827962498191
2413 1.7720888564648885
2414 1.7746619909968977
2415 1.772308089680108
2416 1.7630958231480034
2417 1.7823449116394396
2418 1.7591453229902914
2419 1.7586710425813095
2420 1.7622776645143208
2421 1.750207194482018
2422 1.7484846273370673
2423 1.7443755003777743
2424 1.753651976277804
2425 1.769390425600094
2426 1.7879607736989576
2427 1.7880846751143868
2428 1.7826758555793327
2429 1.7719767190649443
2430 1.7803466084195045
2431 1.7900336891376454
2432 1.7886762209012375
2433 1.779548960133269
2434 1.7837302393282286
2435 1.7721881576011085
2436 1.7764948323998389
2437 1.7962090992059336
2438 1.7753570788836555
2439 1.783046145344366
2440 1.7824947805730338
2441 1.780520276970207
2442 1.8145974874277155
2443 1.813048960264334
2444 1.8490194256003039
2445 1.8324024231369063
2446 1.8288644017162556
2447 1.831830094177438
2448 1.8531992992674156
2449 1.877258881731726
2450 1.883210921116863
2451 1.8914518172765877
2452 1.8878913144395388
2453 1.8897778315635207
2454 1.872879739936401
2455 1.8516159539602415
2456 1.8384793385203995
2457 1.8597951738952005
2458 1.853575031707281
2459 1.8638703786184196
2460 1.8771485336648492
2461 1.8828006934668031
2462 1.8894141848740356
2463 1.8758866937842629
2464 1.8593880160293506
2465 1.8436989956673664
2466 1.839272200005685
2467 1.8501903693120931
2468 1.8393437563920665
2469 1.8262690722699313
2470 1.8368557463778712
2471 1.8120213331255244
2472 1.7825776165412082
2473 1.7469858041084962
2474 1.7389970917685071
2475 1.753807611437713
2476 1.738280053018963
2477 1.7322237039980775
2478 1.737127976770726
2479 1.7553043159601796
2480 1.7518592091229317
2481 1.749378194186693
2482 1.7532198680613014
2483 1.7537924330816346
2484 1.7574246638190425
2485 1.7789047373286209
2486 1.768709234579513
2487 1.767081746987483
2488 1.773660968267067
2489 1.766609628037091
2490 1.7457550573709937
2491 1.7416686313787941
2492 1.7472830245162405
2493 1.7523161122600237
2494 1.7740379510760773
2495 1.764817788548344
2496 1.7664473620544985
2497 1.76551359811826
2498 1.750988534847955
2499 1.7613130818247962
