0 0.3
1 0.5855975093416578
2 0.4569178867005258
3 0.4515549442140351
4 0.43306623862918076
5 0.44076953477187075
6 0.5043398113205659
7 0.5510474706342917
8 0.5404960536165313
9 0.5051093460924367
10 0.4992582403567252
11 0.4621063612317955
12 0.4592582403567252
13 0.41155494421403516
14 0.49155494421403506
15 0.41691788670052576
16 0.4354065922853801
17 0.5628758960036665
18 0.5628758960036665
19 0.5086796226411321
20 0.403851648071345
21 0.6347641394813516
22 0.5689609941637819
23 0.4992582403567252
24 0.48439515754920104
25 0.5496356063838146
26 0.49164898645193994
27 0.5528230361084601
28 0.6423289336929873
29 0.5581755847216175
30 0.49691788670052583
31 0.4676345615771903
32 0.524395157549201
33 0.6551632329052671
34 0.4474298149873504
35 0.5176874214723967
36 0.5025945244810165
37 0.4807695347718708
38 0.4330662386291807
39 0.5128126422351269
40 0.4843477016878762
41 0.40076953477187083
42 0.4997464036059462
43 0.4007695347718707
44 0.41155494421403505
45 0.5369178867005258
46 0.46770329614269
47 0.46462118284321585
48 0.47155494421403504
49 0.43206555615733705
50 0.5496356063838145
51 0.56770329614269
52 0.5924185212238108
53 0.5167340517895956
54 0.43664440554518624
55 0.49132095178963126
56 0.4061324772583614
57 0.5207695347718708
58 0.5259580093031406
59 0.4723244789859059
60 0.48433981132056597
61 0.5289609941637818
62 0.44076953477187086
63 0.47517259986097626
64 0.49513311113004066
65 0.4938357734010516
66 0.4515549442140352
67 0.5000000000000001
68 0.46385164807134505
69 0.560769534771871
70 0.48770329614269003
71 0.448472830914561
72 0.4169178867005258
73 0.4277032961426901
74 0.38770329614269006
75 0.4515549442140352
76 0.4990242479323214
77 0.42819145939191106
78 0.45204310746325616
79 0.505109346092437
80 0.4277032961426902
81 0.4169178867005258
82 0.512324478985906
83 0.544621182843216
84 0.3715549442140351
85 0.38000000000000006
86 0.46462118284321596
87 0.5096356063838146
88 0.47132891892002027
89 0.48434770168787644
90 0.4299841253297066
91 0.47306623862918074
92 0.4951331111300406
93 0.4807695347718708
94 0.3954065922853801
95 0.36385164807134496
96 0.4807695347718709
97 0.4277032961426901
98 0.504621182843216
99 0.4621063612317956
100 0.5495756649500818
101 0.5881993497592214
102 0.5176874214723968
103 0.3715549442140351
104 0.49440306508910553
105 0.4600000000000001
106 0.5235980516772913
107 0.46770329614269013
108 0.4007695347718709
109 0.5289609941637818
110 0.4007695347718709
111 0.41155494421403516
112 0.44595800930314067
113 0.44076953477187086
114 0.5176874214723967
115 0.48125769802109186
116 0.4520431074632561
117 0.4754065922853803
118 0.45974640360594615
119 0.3477032961426901
120 0.34770329614269
121 0.4569178867005258
122 0.4681914593919111
123 0.38
124 0.36385164807134507
125 0.4758947555346011
126 0.4807695347718709
127 0.34770329614269013
128 0.4723244789859059
129 0.36385164807134507
130 0.4538357734010516
131 0.504387190418812
132 0.5099841253297066
133 0.4569178867005258
134 0.4938357734010516
135 0.44076953477187075
136 0.42770329614269
137 0.39540659228538017
138 0.44076953477187086
139 0.41155494421403516
140 0.45925824035672524
141 0.4484728309145609
142 0.48434770168787633
143 0.4651093460924368
144 0.5738357734010516
145 0.48125769802109186
146 0.48385164807134506
147 0.4221063612317956
148 0.4807695347718709
149 0.42819145939191106
150 0.38770329614269006
151 0.44385164807134503
152 0.46462118284321596
153 0.46462118284321596
154 0.4520431074632561
155 0.46462118284321596
156 0.37440306508910554
157 0.484339811320566
158 0.5664461725523615
159 0.5559026459019114
160 0.5056845281478011
161 0.4277032961426901
162 0.4538357734010516
163 0.4754065922853802
164 0.5603610743922463
165 0.6305276348075625
166 0.5841086636205932
167 0.42210636123179557
168 0.44076953477187086
169 0.4169178867005258
170 0.39540659228538017
171 0.44076953477187086
172 0.4246211828432159
173 0.6190868676148608
174 0.6395821726646661
175 0.5390242479323214
176 0.38770329614269006
177 0.38770329614269006
178 0.40076953477187083
179 0.49902424793232136
180 0.4712814630586955
181 0.43540659228538015
182 0.4699841253297066
183 0.5338357734010517
184 0.4754065922853802
185 0.47976885230002714
186 0.5154065922853802
187 0.363851648071345
188 0.428191459391911
189 0.5421063612317957
190 0.4807695347718709
191 0.4859580093031406
192 0.5176874214723967
193 0.4754065922853803
194 0.5451093460924369
195 0.5502978206237068
196 0.403851648071345
197 0.5756212743792617
198 0.5369178867005259
199 0.40076953477187083
200 0.34770329614269
201 0.4120431074632561
202 0.4859580093031406
203 0.472065556157337
204 0.43540659228538015
205 0.4038516480713451
206 0.3769178867005259
207 0.5612576980210918
208 0.44385164807134514
209 0.4951331111300406
210 0.4330662386291807
211 0.4712814630586955
212 0.5313209517896313
213 0.5990322150627103
214 0.4074298149873504
215 0.44385164807134514
216 0.47825471316045054
217 0.5315549442140353
218 0.33999999999999997
219 0.5176874214723968
220 0.4807695347718709
221 0.3954065922853802
222 0.4061324772583615
223 0.49691788670052583
224 0.444339811320566
225 0.4699841253297065
226 0.5313209517896313
227 0.41155494421403516
228 0.5917775166752268
229 0.4538357734010516
230 0.3769178867005258
231 0.44595800930314056
232 0.37691788670052573
233 0.5618328800764559
234 0.46462118284321585
235 0.36385164807134507
236 0.5207695347718708
237 0.3715549442140351
238 0.4807695347718709
239 0.5151725998609764
240 0.5207695347718709
241 0.5098096573744858
242 0.4513209517896312
243 0.5158947555346012
244 0.4938357734010516
245 0.4538357734010516
246 0.3877032961426901
247 0.49032026931778744
248 0.4859580093031406
249 0.41691788670052576
250 0.48310988842807034
251 0.36385164807134507
252 0.4461324772583615
253 0.45691788670052585
254 0.5246211828432159
255 0.552812642235127
256 0.5259580093031406
257 0.5123244789859059
258 0.37155494421403507
259 0.38
260 0.4007695347718707
261 0.4569178867005258
262 0.36385164807134496
263 0.34
264 0.3477032961426901
265 0.4277032961426901
266 0.43306623862918076
267 0.5051093460924369
268 0.4144030650891054
269 0.45999999999999996
270 0.44076953477187075
271 0.5325312707124771
272 0.524395157549201
273 0.47176962630791647
274 0.5021063612317955
275 0.6582547131604505
276 0.6189847592013856
277 0.6066285308748928
278 0.5415390695437416
279 0.5469020120302323
280 0.41155494421403505
281 0.4159172042286821
282 0.4915549442140351
283 0.5248358649370972
284 0.5356212743792617
285 0.44742981498735057
286 0.5158947555346012
287 0.4277032961426901
288 0.46770329614269
289 0.4038516480713451
290 0.38770329614269006
291 0.4938357734010516
292 0.36385164807134507
293 0.34770329614269013
294 0.4835980516772912
295 0.4169178867005258
296 0.43589475553460116
297 0.33999999999999997
298 0.6079179782365716
299 0.5951725998609764
300 0.44310988842807014
301 0.5390242479323214
302 0.5612576980210918
303 0.4443398113205661
304 0.5666114304112657
305 0.5465534930843402
306 0.6490307556469057
307 0.6726726920486279
308 0.5801350490982312
309 0.5776874214723967
310 0.5594729224506066
311 0.42210636123179557
312 0.38770329614269006
313 0.44742981498735046
314 0.5158947555346012
315 0.4859580093031407
316 0.4551331111300406
317 0.388191459391911
318 0.48434770168787633
319 0.4621063612317956
320 0.44076953477187075
321 0.46462118284321596
322 0.5425945244810166
323 0.4807695347718709
324 0.5313209517896313
325 0.38
326 0.4754065922853802
327 0.49383577340105145
328 0.4569178867005258
329 0.45440306508910544
330 0.44385164807134503
331 0.4246211828432159
332 0.3715549442140351
333 0.38770329614269006
334 0.5313209517896313
335 0.611007981903356
336 0.6426419035792627
337 0.49383577340105156
338 0.49204310746325614
339 0.41155494421403516
340 0.41155494421403505
341 0.43540659228538015
342 0.41155494421403516
343 0.36385164807134496
344 0.42357816691600547
345 0.5558947555346012
346 0.44076953477187075
347 0.4974060499497467
348 0.43128146305869547
349 0.44385164807134503
350 0.5397464036059462
351 0.4443398113205661
352 0.5294491574130029
353 0.47825471316045054
354 0.48613247725836145
355 0.41691788670052576
356 0.5207695347718708
357 0.41691788670052576
358 0.38770329614269017
359 0.44076953477187086
360 0.38770329614269006
361 0.32385164807134503
362 0.5284728309145609
363 0.5235385272081082
364 0.3954065922853801
365 0.4776874214723966
366 0.5390242479323214
367 0.49440306508910553
368 0.5176874214723968
369 0.43540659228538015
370 0.5154065922853803
371 0.49155494421403506
372 0.44595800930314067
373 0.4192582403567252
374 0.4758947555346012
375 0.4484728309145609
376 0.5446211828432159
377 0.6620272327929627
378 0.37691788670052573
379 0.38770329614269006
380 0.3715549442140351
381 0.44076953477187075
382 0.4515549442140351
383 0.49155494421403506
384 0.34770329614269
385 0.5259580093031406
386 0.4038516480713451
387 0.40076953477187083
388 0.37691788670052573
389 0.36385164807134496
390 0.4438516480713449
391 0.5873901752794534
392 0.49383577340105156
393 0.45974640360594615
394 0.3238516480713451
395 0.4277032961426901
396 0.4246211828432158
397 0.4569178867005258
398 0.44385164807134514
399 0.4038516480713451
400 0.4513209517896312
401 0.34770329614269013
402 0.4754065922853801
403 0.424621182843216
404 0.5356687302405863
405 0.5481993497592212
406 0.584387190418812
407 0.5797464036059462
408 0.4951331111300405
409 0.403851648071345
410 0.4754065922853802
411 0.5582547131604505
412 0.5820272327929625
413 0.568238838490157
414 0.6059580093031407
415 0.585684528147801
416 0.48385164807134495
417 0.4277032961426901
418 0.4515549442140352
419 0.38770329614269006
420 0.42210636123179557
421 0.6191182901702262
422 0.584387190418812
423 0.44076953477187086
424 0.5338357734010515
425 0.363851648071345
426 0.46819145939191104
427 0.44385164807134503
428 0.46462118284321585
429 0.46980965737448577
430 0.5243477016878764
431 0.5101237696330354
432 0.5022716190906997
433 0.47132891892002016
434 0.5004960536165313
435 0.4951331111300406
436 0.4515549442140351
437 0.4859580093031406
438 0.46462118284321585
439 0.46770329614269013
440 0.40076953477187083
441 0.48847283091456084
442 0.37155494421403507
443 0.49518056699136526
444 0.5197688523000272
445 0.4461324772583615
446 0.4758947555346012
447 0.4461324772583615
448 0.4520431074632561
449 0.47306623862918074
450 0.5338357734010515
451 0.46462118284321585
452 0.5551725998609763
453 0.5425945244810165
454 0.3954065922853801
455 0.32385164807134503
456 0.3930662386291807
457 0.4992582403567251
458 0.42770329614269
459 0.4246211828432158
460 0.41155494421403505
461 0.48847283091456095
462 0.4484728309145609
463 0.3799999999999999
464 0.44747727084867517
465 0.6549465745669615
466 0.5674772708486752
467 0.5772394723618361
468 0.41691788670052565
469 0.36385164807134507
470 0.3477032961426901
471 0.4169178867005258
472 0.47128146305869556
473 0.44385164807134503
474 0.5051093460924369
475 0.4038516480713451
476 0.48847283091456084
477 0.3954065922853801
478 0.41155494421403516
479 0.38819145939191096
480 0.46227161909069964
481 0.4074298149873504
482 0.34
483 0.40076953477187083
484 0.42000000000000004
485 0.49691788670052583
486 0.5307536601015773
487 0.576664290306472
488 0.4484728309145608
489 0.34770329614269013
490 0.4277032961426901
491 0.4569178867005258
492 0.44076953477187086
493 0.45999999999999996
494 0.4277032961426901
495 0.42210636123179557
496 0.4038516480713451
497 0.45591720422868204
498 0.5333232541784287
499 0.4354065922853801
